39.62827894438556,39.75511755555332,39.723701931649224,39.75469682896496,39.662511176639306,39.70586052517932,39.718323233794955,39.72033415302481,39.66035603228734,39.718308030944975,39.72317831185735,39.71683573010072,39.737652065325484,39.69572534420954,39.71305772800899,39.7266505588418,39.68176954977437,39.77265054366261,39.75592619376152,39.735254700477206,39.72175396017737,39.785391237398606,39.654367829494646,39.72824362224363,39.732642574432106,39.64911976263862,39.68007033200103,39.697640578622604,39.78107533505234,39.61383709397816,
DE统计信息：
size = 50
iters = 1000
nfes = 50000
sum = 1191.3503314644822
min = 39.61383709397816
max = 39.785391237398606
mean = 39.71167771548274
std = 0.04297466224819724
totaltime = 79.819s
avgtime = 2.6606333333333336s
最优解：
Solution{id=8, content=[4, 2, 1, 3, 1, 2, 2, 1, 2, 4, 2, 2, 4, 1, 2, 2, 1, 2, 2, 1, 2, 4, 1, 2, 2, 1, 2, 2, 1, 2, 2, 1, 1, 2, 1, 1, 4, 1, 2, 4, 1, 2, 4, 1, 2, 4, 1, 2, 2, 1, 2, 2, 1, 2, 1, 2, 2, 3, 1, 2, 2, 1, 2, 4, 1, 2, 4, 1, 2, 3, 2, 2, 2, 1, 2, 2, 1, 2, 2, 1, 2, 2, 2, 2, 2, 1, 2, 4, 1, 2, 2, 1, 2, 2, 1, 2, 3, 1, 2, 2, 2, 2, 2, 1, 2, 4, 1, 1, 4, 1, 2, 2, 1, 2, 2, 2, 1, 3, 2, 2, 2, 1, 2, 2, 1, 2, 2, 2, 1, 2, 1, 1, 2, 2, 1, 4, 1, 2, 3, 2, 1, 4, 2, 1, 2, 2, 1, 4, 2, 1, 3, 1, 2, 2, 1, 2, 4, 2, 2, 2, 1, 2, 4, 2, 2, 2, 1, 2, 2, 1, 2, 4, 1, 2], dimension=174, value=39.785391237398606, stages=0, time=445.32737704964035}
最差解：
Solution{id=16, content=[4, 2, 2, 1, 1, 2, 2, 1, 2, 1, 1, 2, 4, 1, 2, 3, 1, 2, 4, 1, 2, 4, 1, 2, 2, 2, 2, 3, 1, 2, 2, 2, 2, 3, 1, 2, 4, 1, 1, 4, 1, 2, 3, 1, 1, 4, 1, 2, 4, 2, 2, 4, 1, 2, 3, 2, 2, 4, 1, 2, 3, 1, 1, 4, 1, 2, 2, 2, 2, 3, 2, 2, 3, 1, 2, 3, 1, 2, 2, 1, 2, 4, 2, 2, 4, 1, 2, 3, 1, 2, 2, 1, 2, 4, 1, 2, 3, 1, 2, 4, 2, 1, 4, 1, 2, 2, 1, 1, 4, 1, 2, 4, 1, 2, 2, 2, 2, 3, 2, 2, 3, 1, 2, 3, 1, 2, 2, 2, 1, 3, 2, 2, 3, 2, 1, 4, 1, 2, 4, 2, 1, 2, 2, 1, 4, 2, 1, 2, 1, 2, 2, 1, 2, 2, 1, 1, 4, 2, 1, 2, 1, 1, 4, 2, 2, 2, 1, 2, 2, 1, 2, 3, 1, 2], dimension=174, value=39.61383709397816, stages=0, time=439.3744701485869}
