39.376859841161576,39.47685799284463,39.409660385710126,39.11113098731327,39.32834056715361,39.357621719530655,39.384458006115594,39.29341132334481,39.525563410297245,39.30067292692978,39.34298143782875,39.41164770429672,39.25329354596526,39.41627230725528,39.506216330649764,39.455222677169864,39.45120146362703,39.31354098433187,39.21860935377404,39.46406595979569,39.470294913200846,39.3449485628646,39.291783020884694,39.28348012559498,39.37397470056128,39.358100880687545,39.33329905223707,39.37481862306784,39.50999785383167,39.45605398469622,
DEDNSPSO统计信息：
size = 50
iters = 1000
nfes = 50000
sum = 1181.1943806427223
min = 39.11113098731327
max = 39.525563410297245
mean = 39.37314602142408
std = 0.09379725871640125
totaltime = 73.882s
avgtime = 2.4627333333333334s
最优解：
Particle{, pBest=Solution{id=0, content=[2, 1, 1, 2, 1, 1, 3, 1, 1, 1, 1, 1, 2, 1, 2, 4, 1, 2, 4, 1, 1, 2, 1, 2, 2, 2, 2, 2, 1, 2, 3, 2, 2, 2, 1, 2, 4, 1, 1, 2, 1, 1, 3, 1, 2, 2, 2, 2, 2, 1, 1, 2, 1, 2, 2, 1, 2, 2, 1, 1, 3, 1, 2, 2, 1, 1, 2, 1, 2, 2, 1, 1, 4, 1, 2, 4, 1, 2, 2, 1, 2, 2, 1, 2, 2, 1, 2, 2, 1, 2, 2, 1, 2, 2, 1, 2, 2, 1, 2, 2, 2, 2, 3, 1, 2, 4, 1, 1, 2, 1, 2, 3, 1, 2, 2, 1, 2, 2, 2, 1, 2, 1, 2, 2, 2, 2, 2, 1, 2, 3, 1, 1, 4, 2, 1, 3, 1, 2, 3, 2, 1, 2, 1, 1, 2, 2, 1, 2, 1, 2, 2, 1, 1, 2, 1, 2, 2, 1, 2, 2, 1, 1, 2, 1, 2, 3, 1, 2, 3, 1, 2, 2, 1, 2], dimension=0, value=39.525563410297245, stages=0, time=0.0}Solution{id=30, content=[2, 1, 1, 2, 1, 1, 3, 1, 1, 1, 1, 1, 2, 1, 2, 4, 1, 2, 4, 1, 1, 2, 1, 2, 2, 2, 2, 2, 1, 2, 3, 2, 2, 2, 1, 2, 4, 1, 1, 2, 1, 1, 3, 1, 2, 2, 2, 2, 2, 1, 1, 2, 1, 2, 2, 1, 2, 2, 1, 1, 3, 1, 2, 2, 1, 1, 2, 1, 2, 2, 1, 1, 4, 1, 2, 4, 1, 2, 2, 1, 2, 2, 1, 2, 2, 1, 2, 2, 1, 2, 2, 1, 2, 2, 1, 2, 2, 1, 2, 2, 2, 2, 3, 1, 2, 4, 1, 1, 2, 1, 2, 3, 1, 2, 2, 1, 2, 2, 2, 1, 2, 1, 2, 2, 2, 2, 2, 1, 2, 3, 1, 1, 4, 2, 1, 3, 1, 2, 3, 2, 1, 2, 1, 1, 2, 2, 1, 2, 1, 2, 2, 1, 1, 2, 1, 2, 2, 1, 2, 2, 1, 1, 2, 1, 2, 3, 1, 2, 3, 1, 2, 2, 1, 2], dimension=174, value=39.525563410297245, stages=0, time=389.74834455370336}} 
最差解：
Particle{, pBest=Solution{id=0, content=[2, 2, 1, 2, 2, 1, 2, 1, 1, 2, 1, 2, 2, 1, 2, 2, 1, 1, 2, 1, 2, 2, 1, 1, 3, 1, 1, 3, 2, 2, 2, 1, 2, 3, 2, 2, 2, 1, 1, 2, 1, 1, 2, 2, 2, 2, 1, 2, 2, 1, 2, 3, 1, 1, 2, 1, 2, 2, 1, 1, 2, 1, 1, 2, 1, 1, 2, 2, 1, 2, 1, 2, 3, 1, 2, 2, 1, 1, 2, 1, 2, 2, 2, 2, 3, 2, 1, 2, 1, 1, 2, 2, 1, 3, 1, 2, 3, 1, 2, 2, 1, 2, 2, 1, 1, 2, 1, 1, 2, 1, 1, 3, 2, 2, 2, 1, 1, 3, 1, 1, 3, 1, 1, 2, 1, 1, 4, 2, 1, 1, 1, 1, 2, 2, 1, 2, 1, 2, 1, 2, 1, 2, 0, 1, 2, 2, 1, 3, 2, 1, 2, 1, 2, 2, 1, 2, 2, 2, 2, 2, 1, 1, 4, 1, 2, 2, 1, 1, 2, 1, 1, 2, 1, 1], dimension=0, value=39.11113098731327, stages=0, time=0.0}Solution{id=3, content=[2, 2, 1, 2, 2, 1, 2, 1, 1, 2, 1, 2, 2, 1, 2, 2, 1, 1, 2, 1, 2, 2, 1, 1, 3, 1, 1, 3, 2, 2, 2, 1, 2, 3, 2, 2, 2, 1, 1, 2, 1, 1, 2, 2, 2, 2, 1, 2, 2, 1, 2, 3, 1, 1, 2, 1, 2, 2, 1, 1, 2, 1, 1, 2, 1, 1, 2, 2, 1, 2, 1, 2, 3, 1, 2, 2, 1, 1, 2, 1, 2, 2, 2, 2, 3, 2, 1, 2, 1, 1, 2, 2, 1, 3, 1, 2, 3, 1, 2, 2, 1, 2, 2, 1, 1, 2, 1, 1, 2, 1, 1, 3, 2, 2, 2, 1, 1, 3, 1, 1, 3, 1, 1, 2, 1, 1, 4, 2, 1, 1, 1, 1, 2, 2, 1, 2, 1, 2, 1, 2, 1, 2, 0, 1, 2, 2, 1, 3, 2, 1, 2, 1, 2, 2, 1, 2, 2, 2, 2, 2, 1, 1, 4, 1, 2, 2, 1, 1, 2, 1, 1, 2, 1, 1], dimension=174, value=39.11113098731327, stages=0, time=362.42297976467574}} 
