38.368766934378,38.61383406611009,38.576454452927486,38.22259255053912,38.176942351262916,38.37975639830679,38.53890402583835,38.84844634066078,38.5270445891456,38.02627964143778,38.16480322085487,38.40913674111335,38.05044320458897,38.37699556839294,37.88973048548922,38.50856950650247,38.66283218879751,38.511036507925695,38.47003804882598,38.15823829280965,38.616374211535266,38.50739456627078,38.27398430989285,37.99703735443815,38.50316650131327,38.25736135212227,38.406008685201414,38.504096922942885,38.61596870719838,38.259959265191156,
DNSPSO统计信息：
size = 50
iters = 1000
nfes = 50000
sum = 1151.4221969920138
min = 37.88973048548922
max = 38.84844634066078
mean = 38.3807398997338
std = 0.22470852040187236
totaltime = 79.706s
avgtime = 2.6568666666666667s
最优解：
Particle{, pBest=Solution{id=0, content=[2, 1, 1, 2, 1, 1, 2, 1, 1, 2, 1, 1, 2, 1, 1, 2, 1, 1, 2, 1, 1, 2, 2, 2, 2, 1, 1, 2, 1, 1, 2, 1, 1, 2, 1, 1, 2, 2, 1, 2, 2, 1, 2, 1, 1, 1, 1, 1, 2, 1, 1, 2, 1, 2, 2, 1, 1, 2, 1, 2, 2, 1, 1, 2, 1, 1, 2, 1, 0, 2, 1, 1, 2, 1, 1, 2, 0, 2, 2, 1, 2, 2, 2, 1, 2, 1, 1, 2, 1, 1, 2, 1, 1, 2, 1, 0, 2, 2, 2, 2, 2, 0, 2, 0, 1, 1, 1, 1, 2, 1, 1, 1, 1, 1, 2, 1, 1, 1, 1, 1, 2, 1, 1, 2, 1, 1, 2, 1, 1, 1, 0, 2, 2, 1, 1, 1, 1, 2, 2, 1, 1, 2, 1, 1, 2, 0, 1, 2, 1, 1, 2, 1, 1, 2, 1, 1, 2, 1, 0, 2, 1, 2, 2, 1, 2, 2, 1, 1, 2, 1, 1, 2, 1, 1], dimension=0, value=38.84844634066078, stages=0, time=0.0}Solution{id=0, content=[2, 1, 1, 2, 1, 1, 2, 1, 1, 2, 1, 1, 2, 1, 1, 2, 1, 1, 2, 1, 1, 2, 2, 2, 2, 1, 1, 2, 1, 1, 2, 1, 1, 2, 1, 1, 2, 2, 1, 2, 2, 1, 2, 1, 1, 1, 1, 1, 2, 1, 1, 2, 1, 2, 2, 1, 1, 2, 1, 2, 2, 1, 1, 2, 1, 1, 2, 1, 0, 2, 1, 1, 2, 1, 1, 2, 0, 2, 2, 1, 2, 2, 2, 1, 2, 1, 1, 2, 1, 1, 2, 1, 1, 2, 1, 0, 2, 2, 2, 2, 2, 0, 2, 0, 1, 1, 1, 1, 2, 1, 1, 1, 1, 1, 2, 1, 1, 1, 1, 1, 2, 1, 1, 2, 1, 1, 2, 1, 1, 1, 0, 2, 2, 1, 1, 1, 1, 2, 2, 1, 1, 2, 1, 1, 2, 0, 1, 2, 1, 1, 2, 1, 1, 2, 1, 1, 2, 1, 0, 2, 1, 2, 2, 1, 2, 2, 1, 1, 2, 1, 1, 2, 1, 1], dimension=0, value=38.84844634066078, stages=0, time=444.9844205827204}} 
最差解：
Particle{, pBest=Solution{id=0, content=[1, 1, 2, 1, 0, 2, 2, 0, 1, 2, 1, 1, 2, 1, 1, 2, 0, 1, 2, 1, 2, 2, 1, 0, 2, 0, 2, 2, 1, 2, 2, 1, 1, 2, 0, 1, 2, 2, 1, 2, 1, 0, 1, 1, 1, 2, 2, 1, 2, 1, 2, 1, 1, 1, 2, 1, 1, 1, 1, 0, 2, 1, 0, 1, 1, 1, 1, 1, 1, 2, 1, 1, 1, 1, 1, 2, 1, 1, 2, 1, 0, 2, 1, 1, 2, 2, 1, 1, 1, 1, 2, 1, 1, 1, 1, 1, 1, 1, 1, 2, 1, 1, 2, 1, 0, 2, 0, 1, 2, 1, 1, 1, 1, 1, 2, 1, 1, 2, 2, 2, 2, 1, 2, 1, 1, 1, 2, 0, 1, 2, 1, 1, 1, 0, 1, 2, 1, 0, 2, 1, 1, 2, 1, 2, 2, 1, 1, 1, 1, 1, 1, 1, 1, 2, 1, 1, 1, 1, 1, 2, 0, 1, 1, 1, 1, 2, 1, 1, 2, 1, 1, 1, 0, 2], dimension=0, value=37.88973048548922, stages=0, time=0.0}Solution{id=28, content=[1, 1, 2, 1, 0, 2, 2, 0, 1, 2, 1, 1, 2, 1, 1, 2, 0, 1, 2, 1, 2, 2, 1, 0, 2, 0, 2, 2, 1, 2, 2, 1, 1, 2, 0, 1, 2, 2, 1, 2, 1, 0, 1, 1, 1, 2, 2, 1, 2, 1, 2, 1, 1, 1, 2, 1, 1, 1, 1, 0, 2, 1, 0, 1, 1, 1, 1, 1, 1, 2, 1, 1, 1, 1, 1, 2, 1, 1, 2, 1, 0, 2, 1, 1, 2, 2, 1, 1, 1, 1, 2, 1, 1, 1, 1, 1, 1, 1, 1, 2, 1, 1, 2, 1, 0, 2, 0, 1, 2, 1, 1, 1, 1, 1, 2, 1, 1, 2, 2, 2, 2, 1, 2, 1, 1, 1, 2, 0, 1, 2, 1, 1, 1, 0, 1, 2, 1, 0, 2, 1, 1, 2, 1, 2, 2, 1, 1, 1, 1, 1, 1, 1, 1, 2, 1, 1, 1, 1, 1, 2, 0, 1, 1, 1, 1, 2, 1, 1, 2, 1, 1, 1, 0, 2], dimension=174, value=37.88973048548922, stages=0, time=407.9813844675355}} 
