39.31194110825716,39.43228748121894,39.502129830039856,39.33030537465956,39.353481915869956,39.40836702843993,39.451022572239395,39.33044165563989,39.33738342091328,39.43414854143793,39.40608971295564,39.39173680451286,39.337477032543624,39.3716064462855,39.50792542475629,39.37192783780871,39.33957074574607,39.50904879756868,39.24663679862218,39.28559791876598,39.41236938169801,39.50207865919469,39.407758647484066,39.251730392182274,39.29683389157417,39.54410308575013,39.428160532177635,39.37203210140903,39.54814255417068,39.34863208432755,
FADE统计信息：
size = 50
iters = 1000
nfes = 50000
sum = 1181.7709677782495
min = 39.24663679862218
max = 39.54814255417068
mean = 39.39236559260832
std = 0.08235603307969079
totaltime = 62.881s
avgtime = 2.096033333333333s
最优解：
FireSpark{pi=0.5200000000000002} Solution{id=21, content=[2, 1, 1, 2, 1, 2, 2, 1, 2, 4, 2, 1, 4, 1, 2, 2, 1, 2, 2, 1, 1, 2, 2, 2, 4, 2, 2, 2, 1, 2, 4, 2, 2, 3, 2, 1, 2, 2, 1, 2, 2, 2, 4, 2, 1, 4, 1, 2, 4, 1, 2, 3, 1, 2, 3, 2, 1, 2, 0, 2, 2, 1, 2, 3, 2, 2, 2, 2, 2, 3, 2, 2, 2, 2, 2, 2, 1, 2, 2, 1, 2, 4, 1, 2, 4, 1, 2, 4, 1, 2, 2, 2, 2, 4, 1, 2, 2, 1, 2, 4, 2, 2, 2, 1, 2, 4, 1, 2, 2, 1, 2, 2, 1, 1, 2, 1, 1, 4, 2, 2, 2, 1, 2, 4, 1, 2, 2, 2, 2, 2, 2, 1, 3, 2, 1, 3, 1, 2, 4, 2, 2, 2, 1, 1, 3, 2, 1, 3, 2, 1, 2, 1, 2, 2, 2, 2, 4, 2, 2, 4, 1, 2, 4, 2, 2, 2, 2, 2, 2, 1, 2, 2, 2, 2], dimension=174, value=39.54814255417068, stages=0, time=438.6806270273626}
最差解：
FireSpark{pi=0.48000000000000037} Solution{id=7, content=[3, 2, 2, 4, 1, 2, 2, 1, 1, 3, 2, 2, 4, 1, 2, 2, 1, 2, 2, 1, 2, 3, 1, 1, 2, 1, 1, 2, 2, 2, 3, 2, 1, 3, 1, 2, 3, 1, 1, 4, 2, 2, 4, 2, 1, 3, 2, 2, 4, 2, 1, 2, 1, 2, 2, 2, 2, 3, 1, 2, 3, 1, 2, 4, 1, 2, 2, 2, 1, 4, 2, 2, 3, 1, 1, 3, 1, 2, 3, 1, 2, 2, 2, 2, 2, 2, 2, 4, 1, 2, 4, 1, 2, 2, 2, 2, 2, 2, 2, 3, 2, 2, 4, 1, 2, 3, 2, 2, 3, 1, 2, 4, 1, 2, 4, 0, 2, 3, 2, 2, 2, 2, 2, 4, 1, 2, 4, 2, 1, 4, 2, 2, 2, 1, 1, 2, 1, 1, 4, 2, 2, 2, 2, 2, 3, 1, 2, 4, 2, 2, 2, 2, 2, 2, 1, 2, 3, 2, 1, 3, 1, 2, 3, 2, 2, 3, 1, 1, 3, 2, 2, 2, 1, 2], dimension=174, value=39.24663679862218, stages=0, time=449.8230013808372}
