39.513969666480534,39.68040484948347,39.62043288199537,39.59957049834766,39.68266922616079,39.537428246537594,39.546906432984706,39.63349541761955,39.68225284402615,39.48368598253966,39.447316305013864,39.600102545757004,39.50608215728246,39.52102785590461,39.568218184659834,39.59362065676583,39.50490364112603,39.632706146050076,39.54256716911509,39.720098832511596,39.713643367269974,39.694311079221954,39.616793684435216,39.6759676233816,39.623889837428216,39.58254504960654,39.55596511291487,39.62358200094333,39.611990049841076,39.60357452774136,
PSO统计信息：
size = 50
iters = 1000
nfes = 50000
sum = 1187.9197218731458
min = 39.447316305013864
max = 39.720098832511596
mean = 39.5973240624382
std = 0.07136573007470302
totaltime = 88.419s
avgtime = 2.9473s
最优解：
Particle{, pBest=Solution{id=0, content=[2, 1, 1, 2, 1, 2, 2, 1, 2, 2, 1, 2, 2, 1, 1, 2, 1, 1, 2, 1, 2, 2, 1, 2, 2, 1, 1, 2, 1, 2, 2, 1, 2, 2, 1, 2, 2, 1, 0, 2, 1, 1, 2, 1, 1, 4, 1, 2, 2, 1, 1, 2, 1, 2, 1, 1, 1, 2, 1, 2, 2, 1, 2, 2, 1, 1, 2, 1, 2, 2, 1, 2, 2, 1, 2, 2, 1, 2, 2, 1, 2, 2, 1, 2, 2, 1, 2, 4, 1, 2, 2, 1, 2, 2, 1, 2, 2, 1, 1, 2, 1, 2, 2, 1, 2, 2, 1, 1, 4, 1, 2, 2, 1, 2, 2, 2, 2, 2, 2, 1, 2, 1, 2, 2, 1, 1, 2, 1, 2, 2, 1, 2, 4, 2, 1, 2, 1, 2, 1, 2, 1, 2, 0, 2, 1, 1, 2, 2, 1, 2, 2, 1, 2, 4, 1, 2, 2, 2, 2, 2, 1, 1, 2, 1, 1, 2, 1, 1, 2, 1, 2, 2, 2, 2], dimension=0, value=39.720098832511596, stages=0, time=0.0}Solution{id=9, content=[2, 1, 1, 2, 1, 2, 2, 1, 2, 2, 1, 2, 2, 1, 1, 2, 1, 1, 2, 1, 2, 2, 1, 2, 2, 1, 1, 2, 1, 2, 2, 1, 2, 2, 1, 2, 2, 1, 0, 2, 1, 1, 2, 1, 1, 4, 1, 2, 2, 1, 1, 2, 1, 2, 1, 1, 1, 2, 1, 2, 2, 1, 2, 2, 1, 1, 2, 1, 2, 2, 1, 2, 2, 1, 2, 2, 1, 2, 2, 1, 2, 2, 1, 2, 2, 1, 2, 4, 1, 2, 2, 1, 2, 2, 1, 2, 2, 1, 1, 2, 1, 2, 2, 1, 2, 2, 1, 1, 4, 1, 2, 2, 1, 2, 2, 2, 2, 2, 2, 1, 2, 1, 2, 2, 1, 1, 2, 1, 2, 2, 1, 2, 4, 2, 1, 2, 1, 2, 1, 2, 1, 2, 0, 2, 1, 1, 2, 2, 1, 2, 2, 1, 2, 4, 1, 2, 2, 2, 2, 2, 1, 1, 2, 1, 1, 2, 1, 1, 2, 1, 2, 2, 2, 2], dimension=174, value=39.720098832511596, stages=0, time=393.3789942742163}} 
最差解：
Particle{, pBest=Solution{id=0, content=[2, 1, 1, 2, 1, 2, 2, 1, 1, 2, 1, 2, 2, 1, 2, 2, 1, 1, 2, 1, 1, 2, 1, 1, 2, 1, 2, 2, 1, 1, 2, 2, 2, 4, 1, 2, 4, 1, 2, 2, 1, 1, 2, 1, 1, 4, 1, 2, 2, 2, 2, 2, 1, 2, 2, 1, 1, 2, 1, 1, 2, 1, 2, 2, 1, 1, 2, 2, 1, 2, 1, 2, 2, 1, 2, 2, 1, 2, 2, 1, 2, 1, 0, 1, 1, 1, 1, 2, 1, 1, 2, 1, 1, 2, 1, 2, 2, 1, 1, 2, 2, 1, 2, 1, 2, 2, 1, 1, 2, 1, 1, 2, 1, 2, 2, 1, 1, 2, 1, 2, 2, 1, 2, 2, 1, 2, 2, 2, 1, 2, 0, 2, 2, 1, 2, 2, 1, 1, 2, 1, 2, 2, 1, 2, 2, 2, 2, 2, 1, 1, 2, 1, 1, 4, 1, 2, 2, 1, 1, 2, 1, 2, 2, 0, 2, 2, 1, 1, 2, 1, 1, 2, 1, 1], dimension=0, value=39.447316305013864, stages=0, time=0.0}Solution{id=34, content=[2, 1, 1, 2, 1, 2, 2, 1, 1, 2, 1, 2, 2, 1, 2, 2, 1, 1, 2, 1, 1, 2, 1, 1, 2, 1, 2, 2, 1, 1, 2, 2, 2, 4, 1, 2, 4, 1, 2, 2, 1, 1, 2, 1, 1, 4, 1, 2, 2, 2, 2, 2, 1, 2, 2, 1, 1, 2, 1, 1, 2, 1, 2, 2, 1, 1, 2, 2, 1, 2, 1, 2, 2, 1, 2, 2, 1, 2, 2, 1, 2, 1, 0, 1, 1, 1, 1, 2, 1, 1, 2, 1, 1, 2, 1, 2, 2, 1, 1, 2, 2, 1, 2, 1, 2, 2, 1, 1, 2, 1, 1, 2, 1, 2, 2, 1, 1, 2, 1, 2, 2, 1, 2, 2, 1, 2, 2, 2, 1, 2, 0, 2, 2, 1, 2, 2, 1, 1, 2, 1, 2, 2, 1, 2, 2, 2, 2, 2, 1, 1, 2, 1, 1, 4, 1, 2, 2, 1, 1, 2, 1, 2, 2, 0, 2, 2, 1, 1, 2, 1, 1, 2, 1, 1], dimension=174, value=39.447316305013864, stages=0, time=299.8777728723388}} 
