39.10281506640992,39.212103131039754,38.88264189484655,39.12287322845949,38.72426004102823,38.91049541550365,39.13646941110177,38.72073641969892,39.14038786129374,39.05457056482661,39.10946597172022,39.07703184589924,38.677792856849095,38.74033710352135,38.7689098396291,38.91556614361954,39.04714282451917,39.000660817272724,38.831532450068885,38.88627661359617,38.89221286212065,38.8462677946804,38.91457908597031,38.8446427544188,39.002948395196135,38.955588580503594,38.84906925178248,38.71841569976275,39.00962078087194,39.06194616089921,
WWO统计信息：
size = 50
iters = 1000
nfes = 50000
sum = 1168.1573608671106
min = 38.677792856849095
max = 39.212103131039754
mean = 38.93857869557035
std = 0.14884467859874764
totaltime = 80.49s
avgtime = 2.683s
最优解：
Wave{amplitude=12.0, length=0.16302766435123642} Solution{id=42, content=[2, 1, 1, 2, 0, 2, 2, 1, 1, 2, 1, 0, 2, 1, 2, 2, 1, 1, 2, 1, 1, 2, 1, 0, 2, 2, 2, 2, 0, 2, 2, 2, 1, 4, 1, 2, 2, 1, 0, 2, 1, 1, 2, 1, 1, 2, 0, 2, 2, 1, 2, 2, 1, 2, 2, 1, 1, 2, 1, 0, 2, 1, 2, 2, 1, 2, 2, 1, 1, 1, 1, 1, 2, 1, 2, 2, 1, 2, 2, 1, 2, 2, 1, 2, 2, 2, 2, 2, 1, 1, 2, 0, 2, 2, 1, 1, 2, 1, 2, 2, 1, 0, 2, 1, 2, 2, 1, 1, 2, 1, 2, 2, 1, 1, 2, 1, 1, 2, 0, 1, 2, 1, 1, 2, 1, 2, 1, 1, 1, 2, 1, 0, 4, 2, 1, 2, 1, 1, 2, 0, 1, 2, 2, 1, 2, 1, 1, 2, 0, 2, 2, 1, 2, 2, 1, 2, 2, 0, 2, 2, 1, 1, 2, 1, 1, 2, 1, 2, 2, 1, 2, 2, 0, 1], dimension=174, value=39.212103131039754, stages=0, time=271.73734680768024}
最差解：
Wave{amplitude=12.0, length=0.16961800345137965} Solution{id=26, content=[2, 0, 1, 2, 0, 2, 2, 1, 2, 2, 1, 2, 2, 0, 2, 2, 1, 2, 2, 1, 1, 2, 0, 2, 2, 1, 1, 2, 1, 1, 1, 1, 1, 2, 1, 0, 2, 1, 0, 2, 0, 1, 2, 0, 1, 2, 0, 1, 2, 1, 0, 2, 1, 2, 2, 0, 1, 2, 1, 1, 2, 1, 2, 2, 1, 1, 1, 1, 1, 2, 1, 1, 2, 0, 2, 2, 1, 1, 2, 1, 0, 2, 2, 1, 2, 1, 1, 2, 1, 1, 2, 1, 1, 2, 1, 1, 2, 1, 0, 2, 1, 0, 2, 1, 1, 2, 1, 0, 2, 1, 2, 2, 1, 1, 2, 0, 1, 2, 1, 2, 2, 0, 2, 2, 1, 1, 2, 2, 1, 2, 2, 2, 2, 1, 2, 2, 1, 1, 2, 0, 0, 2, 1, 1, 2, 1, 0, 2, 0, 1, 2, 0, 2, 2, 1, 1, 2, 0, 1, 2, 1, 1, 2, 1, 1, 2, 1, 2, 2, 1, 2, 2, 1, 1], dimension=174, value=38.677792856849095, stages=0, time=310.27230356562126}
