48.78433283137197,48.77342655106117,48.87745202225912,48.98018571169221,48.817153557024724,48.79550315107919,48.94383257591289,49.23421042905345,49.009042307756815,48.82914763129042,49.0741458878672,48.78741360075802,48.90843857627274,48.97600288002548,49.050806237316266,48.80663017472418,49.085236766841504,48.99892001741082,48.958907941982694,48.9832245477861,48.83163293404153,48.98677825847474,48.84213179759624,48.89743239888257,48.79507143132151,48.946887904106475,48.87730125575293,48.923691985557035,49.10209231543324,49.01780729726691,
DE统计信息：
size = 50
iters = 3000
nfes = 150000
sum = 1467.8948409779202
min = 48.77342655106117
max = 49.23421042905345
mean = 48.92982803259734
std = 0.11406705070279914
totaltime = 435.321s
avgtime = 14.510700000000002s
最优解：
Solution{id=46, content=[10, 1, 6, 1, 12, 2, 8, 7, 5, 7, 11, 6, 4, 7, 3, 1, 9, 8, 9, 5, 13, 7, 5, 3, 9, 1, 5, 9, 11, 7, 10, 6, 7, 5, 5, 8, 13, 1, 9, 5, 5, 9, 4, 5, 10, 7, 4, 7, 6, 9, 12, 9, 8, 8, 7, 4, 3, 6, 13, 2, 8, 2, 9, 4, 2, 9, 11, 4, 5, 2, 6, 6, 8, 8, 10, 5, 7, 9, 9, 9, 9, 5, 5, 4, 11, 5, 10, 7, 6, 5, 3, 4, 5, 6, 7, 5, 7, 8, 11, 3, 6, 8, 7, 5, 10, 4, 5, 3, 11, 8, 12, 8, 8, 9, 11, 5, 7, 5, 8, 4, 8, 3, 13, 7, 13, 8, 9, 4, 7, 1, 3, 4, 8, 6, 5, 9, 5, 7, 3, 4, 2, 4, 13, 7, 10, 7, 8, 1, 7, 6, 10, 1, 11, 5, 7, 1, 9, 5, 7, 6, 7, 3, 5, 7, 13, 4, 5, 7, 4, 5, 8, 8, 3, 0, 6, 6, 6, 6, 8, 2, 6, 3, 12, 8, 9, 8, 9, 7, 11, 9, 7, 1, 3, 4, 3, 7, 13, 1, 6, 7, 6, 1, 6, 9, 9, 9, 6, 4, 4, 2, 7, 2, 7, 6, 5, 4, 10, 7, 6, 1, 7, 5, 1, 7, 8, 3, 2, 0, 5, 8, 10, 4, 4, 9, 7, 5, 8, 6, 7, 3, 10, 5, 5, 8, 8, 1, 8, 2, 9, 3, 6, 6, 5, 1, 11, 5, 12, 3, 8, 3], dimension=260, value=49.23421042905345, stages=0, time=197.64337888064924}
最差解：
Solution{id=45, content=[8, 5, 9, 2, 6, 3, 9, 6, 6, 4, 6, 9, 3, 2, 6, 6, 10, 1, 7, 5, 2, 7, 5, 1, 3, 3, 9, 8, 6, 5, 8, 8, 11, 4, 9, 6, 13, 3, 12, 9, 4, 8, 7, 5, 5, 4, 8, 6, 7, 6, 10, 1, 5, 6, 9, 4, 11, 2, 13, 7, 6, 1, 7, 7, 3, 8, 5, 7, 8, 9, 7, 9, 13, 9, 7, 4, 13, 5, 11, 3, 10, 8, 4, 3, 4, 4, 6, 6, 9, 6, 7, 7, 2, 9, 8, 6, 7, 5, 13, 5, 5, 3, 3, 5, 8, 1, 6, 1, 6, 8, 12, 4, 6, 3, 6, 6, 3, 3, 10, 1, 12, 8, 1, 5, 13, 5, 4, 6, 3, 8, 4, 3, 9, 1, 10, 5, 2, 5, 5, 2, 9, 6, 11, 8, 9, 2, 9, 7, 7, 6, 6, 3, 9, 8, 9, 2, 7, 5, 4, 7, 7, 5, 10, 1, 13, 6, 13, 7, 2, 8, 9, 9, 7, 5, 6, 3, 5, 7, 8, 5, 6, 8, 4, 1, 3, 2, 7, 9, 5, 9, 6, 7, 7, 6, 5, 3, 3, 6, 4, 7, 7, 5, 5, 4, 10, 1, 5, 4, 2, 2, 2, 3, 11, 8, 11, 1, 11, 7, 9, 5, 7, 1, 13, 6, 10, 1, 11, 5, 13, 5, 9, 9, 9, 2, 8, 4, 1, 1, 3, 9, 7, 2, 13, 2, 13, 8, 13, 3, 7, 6, 5, 7, 10, 1, 8, 8, 6, 3, 8, 7], dimension=260, value=48.77342655106117, stages=0, time=196.53107654937813}
