50.813526559211645,49.678025714771856,50.92822033653261,50.71554816029343,50.02599056744698,50.7710859135897,50.140523768080115,50.391337268727064,50.00032037256867,50.31395974398272,51.05870205150215,49.8793161629756,51.143169551830034,50.8492808459396,50.935418178384104,49.97576371399321,50.349480000532225,50.35496111154818,51.163592935965134,51.178029642808134,50.44115026148221,51.62644030685784,51.380463943425795,50.28854889879471,50.90168307341902,51.2104566060484,50.385687512959144,51.0614564394108,50.71785842029599,50.585580064676556,
FADE统计信息：
size = 50
iters = 3000
nfes = 150000
sum = 1519.2655781280534
min = 49.678025714771856
max = 51.62644030685784
mean = 50.64218593760178
std = 0.48790377843162036
totaltime = 399.644s
avgtime = 13.321466666666668s
最优解：
FireSpark{pi=0.8799999999999987} Solution{id=43, content=[8, 7, 9, 1, 11, 6, 6, 6, 2, 4, 1, 7, 7, 3, 12, 4, 10, 4, 9, 1, 13, 1, 5, 8, 13, 6, 6, 7, 7, 7, 6, 1, 4, 4, 5, 7, 1, 1, 5, 3, 12, 7, 9, 7, 13, 4, 6, 1, 7, 6, 9, 9, 5, 3, 11, 3, 7, 6, 5, 5, 13, 4, 5, 2, 3, 4, 11, 4, 10, 9, 2, 7, 8, 2, 13, 5, 10, 7, 12, 7, 6, 7, 5, 9, 8, 7, 9, 8, 9, 1, 2, 3, 13, 8, 8, 6, 1, 8, 11, 5, 13, 8, 13, 6, 5, 0, 5, 9, 5, 7, 7, 8, 1, 4, 10, 6, 8, 0, 12, 9, 8, 5, 7, 3, 6, 2, 5, 5, 8, 7, 11, 2, 7, 7, 6, 1, 4, 4, 7, 5, 5, 5, 8, 9, 10, 5, 6, 4, 7, 9, 4, 3, 5, 3, 2, 6, 9, 6, 8, 7, 5, 9, 8, 1, 3, 1, 13, 1, 8, 5, 11, 9, 9, 9, 13, 6, 11, 4, 11, 1, 9, 1, 10, 7, 9, 9, 7, 3, 7, 5, 9, 7, 8, 5, 11, 1, 11, 9, 8, 1, 4, 9, 5, 5, 7, 1, 10, 1, 9, 4, 2, 8, 3, 4, 8, 5, 13, 6, 1, 4, 8, 5, 3, 4, 10, 7, 4, 4, 5, 8, 5, 2, 9, 7, 3, 7, 11, 1, 3, 2, 5, 3, 11, 7, 5, 5, 5, 9, 5, 6, 7, 8, 9, 5, 6, 3, 5, 3, 5, 1], dimension=260, value=51.62644030685784, stages=0, time=199.77256518025763}
最差解：
FireSpark{pi=0.9699999999999988} Solution{id=22, content=[11, 0, 6, 3, 4, 5, 12, 0, 5, 6, 8, 5, 7, 1, 2, 1, 4, 7, 10, 6, 11, 7, 4, 6, 11, 8, 5, 3, 1, 4, 5, 3, 3, 0, 3, 0, 3, 4, 6, 4, 1, 2, 10, 7, 2, 9, 9, 5, 13, 6, 5, 3, 3, 8, 11, 1, 8, 8, 5, 1, 10, 7, 8, 1, 11, 1, 8, 6, 5, 9, 11, 8, 2, 6, 3, 1, 1, 7, 5, 2, 2, 9, 2, 7, 5, 5, 12, 7, 5, 5, 12, 9, 9, 7, 11, 8, 13, 7, 8, 5, 3, 1, 13, 7, 11, 2, 11, 7, 8, 4, 13, 5, 10, 1, 13, 3, 8, 9, 4, 5, 6, 4, 8, 6, 2, 4, 11, 9, 6, 7, 11, 8, 2, 5, 7, 0, 10, 3, 11, 6, 9, 6, 7, 7, 2, 7, 12, 4, 5, 7, 8, 1, 13, 1, 7, 9, 11, 4, 4, 9, 3, 1, 8, 3, 10, 1, 13, 0, 5, 6, 11, 4, 8, 7, 9, 2, 7, 8, 1, 7, 7, 5, 7, 4, 2, 4, 7, 3, 11, 1, 8, 9, 6, 7, 12, 1, 1, 7, 2, 3, 9, 8, 7, 9, 9, 8, 5, 3, 7, 5, 6, 3, 1, 1, 13, 4, 8, 5, 6, 1, 6, 5, 13, 0, 9, 1, 7, 6, 2, 4, 8, 6, 6, 2, 11, 4, 11, 4, 5, 8, 12, 6, 5, 3, 13, 5, 7, 9, 7, 5, 5, 0, 8, 6, 9, 1, 6, 6, 7, 9], dimension=260, value=49.678025714771856, stages=0, time=199.46916322980277}
