50.24934167130131,49.97204461655748,50.55046497726395,49.250226384510576,48.5452495233737,48.640535628360816,48.160339217792,50.7453970377588,50.52035084973409,48.62946195980044,48.26140441988192,50.107785889128095,48.15130253750861,48.22455826821071,48.366475213558545,49.42078388704736,50.72738152631876,48.54462568600613,48.32296427813827,48.40570823819378,48.24713738265603,50.31591263330807,48.278030897814254,48.96857773945131,49.82551009959238,49.36954042191885,49.90610465737218,49.22774842981372,48.557431958376476,48.19289510664255,
WWO统计信息：
size = 50
iters = 3000
nfes = 150000
sum = 1474.685291137391
min = 48.15130253750861
max = 50.7453970377588
mean = 49.15617637124637
std = 0.9061309339785792
totaltime = 452.049s
avgtime = 15.068299999999999s
最优解：
Wave{amplitude=12.0, length=0.04308936691737454} Solution{id=6, content=[13, 1, 5, 6, 12, 9, 8, 6, 1, 1, 2, 7, 5, 0, 2, 6, 12, 1, 1, 1, 3, 4, 6, 1, 13, 5, 8, 9, 2, 8, 2, 3, 10, 2, 7, 9, 5, 7, 5, 6, 10, 7, 9, 5, 11, 1, 4, 1, 8, 2, 9, 5, 2, 6, 11, 7, 7, 1, 13, 7, 1, 7, 8, 0, 13, 5, 5, 2, 8, 2, 5, 5, 9, 2, 11, 3, 7, 3, 2, 5, 9, 4, 10, 1, 7, 3, 5, 9, 10, 7, 9, 5, 8, 4, 11, 9, 9, 6, 6, 7, 7, 9, 7, 6, 6, 4, 1, 8, 3, 4, 1, 4, 5, 1, 9, 4, 4, 6, 5, 9, 11, 3, 10, 1, 5, 5, 12, 7, 9, 6, 8, 6, 10, 1, 2, 3, 7, 6, 11, 4, 6, 6, 5, 3, 7, 7, 5, 6, 11, 7, 11, 1, 5, 5, 5, 2, 9, 8, 11, 4, 6, 6, 8, 9, 5, 8, 5, 1, 13, 4, 5, 7, 5, 3, 8, 4, 12, 5, 4, 4, 5, 9, 1, 2, 8, 5, 8, 6, 11, 2, 11, 4, 7, 6, 11, 7, 7, 4, 11, 2, 9, 8, 2, 8, 9, 8, 5, 1, 11, 4, 13, 1, 3, 7, 5, 4, 8, 3, 8, 7, 13, 4, 13, 6, 8, 6, 11, 9, 7, 8, 5, 7, 2, 2, 2, 9, 8, 8, 6, 1, 7, 9, 5, 9, 4, 8, 5, 4, 7, 7, 7, 1, 13, 7, 9, 7, 9, 5, 7, 5], dimension=260, value=50.7453970377588, stages=0, time=199.64082649201583}
最差解：
Wave{amplitude=12.0, length=1297.5914695185106} Solution{id=24, content=[4, 5, 2, 7, 6, 3, 4, 8, 2, 4, 1, 5, 7, 1, 3, 1, 7, 6, 5, 8, 13, 7, 8, 1, 12, 1, 9, 4, 7, 4, 3, 7, 12, 6, 5, 8, 3, 7, 5, 2, 5, 6, 5, 3, 9, 2, 11, 3, 6, 2, 2, 1, 4, 7, 11, 7, 5, 5, 12, 5, 13, 1, 4, 9, 7, 4, 2, 1, 9, 3, 8, 7, 13, 5, 7, 6, 13, 4, 5, 3, 12, 3, 7, 4, 8, 8, 6, 8, 6, 1, 9, 6, 9, 1, 8, 5, 10, 5, 11, 5, 9, 6, 12, 1, 5, 1, 10, 3, 7, 2, 12, 3, 8, 7, 12, 7, 12, 0, 10, 8, 4, 1, 13, 9, 2, 6, 7, 6, 11, 1, 12, 5, 2, 7, 5, 7, 3, 4, 8, 5, 5, 3, 11, 4, 9, 5, 7, 6, 11, 1, 3, 6, 2, 9, 10, 6, 4, 4, 11, 5, 1, 6, 12, 2, 12, 3, 3, 3, 9, 6, 7, 2, 8, 1, 9, 2, 6, 6, 8, 6, 9, 4, 5, 2, 13, 8, 12, 7, 6, 6, 6, 0, 11, 7, 3, 8, 2, 2, 10, 8, 7, 3, 1, 7, 2, 8, 1, 5, 4, 7, 2, 4, 6, 3, 11, 3, 9, 8, 6, 9, 6, 1, 12, 5, 10, 4, 3, 2, 3, 1, 8, 4, 6, 3, 4, 1, 9, 5, 5, 7, 6, 4, 5, 7, 5, 5, 5, 8, 10, 2, 12, 4, 12, 3, 2, 9, 4, 7, 11, 8], dimension=260, value=48.15130253750861, stages=0, time=195.92600614468196}
