10.43446917217356,10.39336230323279,10.443770751700121,10.447531903967128,10.48093566000923,10.437432650995127,10.510033954446696,10.421806831276234,10.389293271177998,10.427027513165182,10.456281887586874,10.460771522600705,10.502671902388299,10.407895211523957,10.38728226505779,10.408981732291219,10.453266774513805,10.388615561111845,10.372194388662246,10.360619957971037,10.506500203297866,10.40263884279069,10.326077777261046,10.36402688183163,10.36266486215221,10.413397685194306,10.36810841382129,10.507845034027895,10.42991379161901,10.39487193323457,
DE统计信息：
size = 50
iters = 500
nfes = 25000
sum = 312.6602906410823
min = 10.326077777261046
max = 10.510033954446696
mean = 10.422009688036077
std = 0.04860198662544553
totaltime = 8.299s
avgtime = 0.27663333333333334s
最优解：
Solution{id=45, content=[2, 3, 2, 3, 1, 2, 2, 3, 3, 2, 2, 3, 2, 3, 2, 1, 1, 2, 2, 2, 1, 2, 1, 2, 2, 3, 3, 2, 1, 1, 2, 3, 1, 3, 1, 1, 1, 3, 2, 1, 1, 2, 2, 3, 1, 1, 2, 2], dimension=48, value=10.510033954446696, stages=0, time=103.43061092307579}
最差解：
Solution{id=25, content=[2, 3, 2, 3, 2, 2, 2, 1, 3, 3, 2, 1, 2, 3, 2, 1, 1, 3, 3, 2, 1, 2, 2, 3, 2, 3, 3, 2, 1, 1, 1, 2, 2, 3, 2, 0, 1, 2, 2, 1, 2, 2, 2, 3, 1, 3, 2, 4], dimension=48, value=10.326077777261046, stages=0, time=102.5805342169458}
