10.511536243313008,10.56753417698269,10.518738221495326,10.584190284083071,10.464298013758492,10.588782883942839,10.571457516184747,10.556720420779248,10.557687199304313,10.556362953437997,10.500273311830604,10.565436078406483,10.486950014100444,10.488213940010374,10.539235542764075,10.419946355507507,10.527794099226362,10.532812523727651,10.5641080346998,10.542471579176302,10.58180248346188,10.55880051699792,10.594755077151284,10.55412629254079,10.548113709510028,10.58326154521128,10.528195388263997,10.548830938801187,10.537272258613925,10.530689830967408,
DEDNSPSO统计信息：
size = 50
iters = 500
nfes = 25000
sum = 316.210397434251
min = 10.419946355507507
max = 10.594755077151284
mean = 10.5403465811417
std = 0.03912842993901013
totaltime = 7.884s
avgtime = 0.26280000000000003s
最优解：
Particle{, pBest=Solution{id=0, content=[1, 2, 1, 2, 2, 3, 1, 2, 3, 3, 1, 2, 1, 2, 2, 1, 1, 2, 2, 1, 1, 2, 1, 2, 1, 2, 2, 1, 1, 1, 1, 2, 1, 1, 1, 1, 1, 3, 2, 1, 1, 1, 1, 2, 1, 1, 2, 3], dimension=0, value=10.594755077151284, stages=0, time=0.0}Solution{id=1, content=[1, 2, 1, 2, 2, 3, 1, 2, 3, 3, 1, 2, 1, 2, 2, 1, 1, 2, 2, 1, 1, 2, 1, 2, 1, 2, 2, 1, 1, 1, 1, 2, 1, 1, 1, 1, 1, 3, 2, 1, 1, 1, 1, 2, 1, 1, 2, 3], dimension=48, value=10.594755077151284, stages=0, time=111.75073850890163}} 
最差解：
Particle{, pBest=Solution{id=0, content=[1, 2, 1, 2, 1, 3, 2, 3, 1, 2, 1, 2, 1, 1, 1, 2, 1, 2, 2, 1, 1, 2, 1, 2, 2, 1, 2, 1, 2, 1, 1, 2, 1, 1, 1, 1, 1, 3, 1, 1, 1, 2, 1, 1, 1, 1, 2, 3], dimension=0, value=10.419946355507507, stages=0, time=0.0}Solution{id=11, content=[1, 2, 1, 2, 1, 3, 2, 3, 1, 2, 1, 2, 1, 1, 1, 2, 1, 2, 2, 1, 1, 2, 1, 2, 2, 1, 2, 1, 2, 1, 1, 2, 1, 1, 1, 1, 1, 3, 1, 1, 1, 2, 1, 1, 1, 1, 2, 3], dimension=48, value=10.419946355507507, stages=0, time=108.35745785218379}} 
