10.369000148391125,10.368571986562575,10.486918365261923,10.455972316460832,10.419474409676374,10.43170453171292,10.48221024742508,10.382813822219877,10.445413797433648,10.466729083199834,10.353465763566101,10.402779277556702,10.43477525489665,10.364279032627197,10.416427693483367,10.513279167669717,10.46826726619067,10.469901495199293,10.327170716206789,10.359267622068963,10.370487225670368,10.420431998692655,10.280852319257669,10.350103548731338,10.487688923727967,10.376149271105058,10.390893947007745,10.399376759341049,10.364979716715666,10.472153212747282,
DNSPSO统计信息：
size = 50
iters = 500
nfes = 25000
sum = 312.3315389208064
min = 10.280852319257669
max = 10.513279167669717
mean = 10.411051297360213
std = 0.05600020657084994
totaltime = 8.04s
avgtime = 0.26799999999999996s
最优解：
Particle{, pBest=Solution{id=0, content=[1, 2, 1, 2, 1, 2, 1, 2, 3, 2, 2, 3, 1, 2, 2, 1, 1, 2, 2, 1, 1, 2, 2, 2, 1, 3, 2, 1, 2, 3, 1, 3, 1, 2, 1, 1, 1, 3, 2, 1, 1, 3, 2, 2, 1, 1, 2, 1], dimension=0, value=10.513279167669717, stages=0, time=0.0}Solution{id=12, content=[1, 2, 1, 2, 1, 2, 1, 2, 3, 2, 2, 3, 1, 2, 2, 1, 1, 2, 2, 1, 1, 2, 2, 2, 1, 3, 2, 1, 2, 3, 1, 3, 1, 2, 1, 1, 1, 3, 2, 1, 1, 3, 2, 2, 1, 1, 2, 1], dimension=48, value=10.513279167669717, stages=0, time=110.89102464782546}} 
最差解：
Particle{, pBest=Solution{id=0, content=[1, 2, 2, 3, 2, 3, 1, 2, 1, 1, 1, 2, 1, 1, 2, 1, 1, 1, 1, 3, 1, 2, 2, 3, 2, 3, 2, 2, 2, 3, 2, 1, 1, 3, 2, 3, 1, 3, 2, 2, 2, 3, 2, 2, 1, 1, 2, 2], dimension=0, value=10.280852319257669, stages=0, time=0.0}Solution{id=0, content=[1, 2, 2, 3, 2, 3, 1, 2, 1, 1, 1, 2, 1, 1, 2, 1, 1, 1, 1, 3, 1, 2, 2, 3, 2, 3, 2, 2, 2, 3, 2, 1, 1, 3, 2, 3, 1, 3, 2, 2, 2, 3, 2, 2, 1, 1, 2, 2], dimension=0, value=10.280852319257669, stages=0, time=111.0284606356615}} 
