10.465474222786003,10.39376130763577,10.371233097215885,10.42578653496571,10.282601610580201,10.472102028527711,10.392539475155022,10.396643085499948,10.424830202223474,10.410132253173124,10.4106609032895,10.357125239018671,10.415562923544716,10.446323121938429,10.349807022152145,10.370677074745753,10.339883190167637,10.486711939644648,10.290205962870564,10.366329946705742,10.470081108994222,10.435802048586446,10.431348268188373,10.410353469134055,10.403068404522735,10.37220504276486,10.394301361892305,10.342164259602637,10.429723257286462,10.40132245030497,
FADE统计信息：
size = 50
iters = 500
nfes = 25000
sum = 311.9587608131177
min = 10.282601610580201
max = 10.486711939644648
mean = 10.398625360437256
std = 0.049094209106639974
totaltime = 5.66s
avgtime = 0.18866666666666668s
最优解：
FireSpark{pi=0.34999999999999964} Solution{id=28, content=[1, 2, 1, 2, 2, 3, 2, 3, 3, 3, 2, 3, 2, 2, 2, 1, 1, 2, 2, 3, 2, 3, 2, 3, 2, 3, 3, 2, 2, 1, 1, 2, 1, 2, 1, 2, 1, 3, 2, 1, 2, 1, 1, 3, 2, 3, 1, 2], dimension=48, value=10.486711939644648, stages=0, time=116.06662524366368}
最差解：
FireSpark{pi=0.910000000000001} Solution{id=44, content=[2, 3, 1, 2, 2, 2, 2, 2, 3, 3, 2, 3, 2, 2, 2, 2, 2, 2, 2, 3, 2, 2, 2, 3, 2, 3, 2, 3, 2, 1, 2, 3, 1, 3, 1, 1, 2, 3, 2, 3, 2, 4, 1, 2, 1, 3, 1, 1], dimension=48, value=10.282601610580201, stages=0, time=111.82584921874152}
