10.597899808315313,10.551927471632332,10.52818186643586,10.55651844244774,10.531874746316188,10.573071357761279,10.565949689026539,10.542269770777406,10.526520034318368,10.5483066637241,10.548960463532104,10.566468844446877,10.560318136714764,10.519665409013834,10.552178447313944,10.56844810243641,10.569444649758017,10.502181008019743,10.604507940957612,10.538904273918305,10.564800680512699,10.482582730049867,10.521173571810236,10.575653205772317,10.603590596734868,10.507110117970935,10.574702212383851,10.559863117126138,10.575999848855867,10.525503996321097,
PSO统计信息：
size = 50
iters = 500
nfes = 25000
sum = 316.5445772044046
min = 10.482582730049867
max = 10.604507940957612
mean = 10.551485906813488
std = 0.029261461677553294
totaltime = 6.259s
avgtime = 0.20863333333333334s
最优解：
Particle{, pBest=Solution{id=0, content=[1, 2, 1, 2, 1, 2, 1, 2, 3, 3, 1, 2, 1, 2, 2, 1, 1, 2, 2, 1, 1, 3, 1, 2, 2, 3, 3, 2, 1, 1, 1, 2, 1, 1, 1, 1, 1, 3, 2, 1, 1, 1, 1, 2, 1, 1, 1, 1], dimension=0, value=10.604507940957612, stages=0, time=0.0}Solution{id=31, content=[1, 2, 1, 2, 1, 2, 1, 2, 3, 3, 1, 2, 1, 2, 2, 1, 1, 2, 2, 1, 1, 3, 1, 2, 2, 3, 3, 2, 1, 1, 1, 2, 1, 1, 1, 1, 1, 3, 2, 1, 1, 1, 1, 2, 1, 1, 1, 1], dimension=48, value=10.604507940957612, stages=0, time=116.88771739540269}} 
最差解：
Particle{, pBest=Solution{id=0, content=[1, 2, 1, 2, 1, 2, 1, 2, 1, 2, 1, 2, 2, 3, 1, 2, 1, 2, 1, 2, 1, 2, 2, 3, 2, 3, 2, 1, 1, 1, 2, 3, 1, 1, 1, 1, 1, 3, 1, 1, 1, 1, 1, 3, 1, 1, 2, 3], dimension=0, value=10.482582730049867, stages=0, time=0.0}Solution{id=19, content=[1, 2, 1, 2, 1, 2, 1, 2, 1, 2, 1, 2, 2, 3, 1, 2, 1, 2, 1, 2, 1, 2, 2, 3, 2, 3, 2, 1, 1, 1, 2, 3, 1, 1, 1, 1, 1, 3, 1, 1, 1, 1, 1, 3, 1, 1, 2, 3], dimension=48, value=10.482582730049867, stages=0, time=105.75848689698914}} 
