10.458019827377669,10.448579859182262,10.473245893754779,10.464457505940029,10.408520378741066,10.4771602882822,10.440224608144757,10.420998261618744,10.426892318471687,10.458018191473828,10.481994485747688,10.476349876841523,10.503534390051051,10.399812391305394,10.452287991845722,10.446400436653498,10.438518874761252,10.46515786199816,10.419368788210775,10.418207840640004,10.409571274948977,10.451295815181284,10.49287394721584,10.415663715104879,10.510488137677116,10.416837950371052,10.438686918423432,10.533272153975311,10.47202774912392,10.46387213704438,
WWO统计信息：
size = 50
iters = 500
nfes = 25000
sum = 313.5823398701084
min = 10.399812391305394
max = 10.533272153975311
mean = 10.452744662336947
std = 0.03278251527062542
totaltime = 9.066s
avgtime = 0.3022s
最优解：
Wave{amplitude=12.0, length=7.734885177356999E10} Solution{id=2, content=[1, 2, 1, 2, 1, 2, 1, 2, 3, 3, 1, 2, 2, 2, 2, 1, 1, 3, 1, 2, 1, 2, 1, 2, 2, 2, 2, 1, 1, 1, 1, 3, 1, 2, 1, 1, 1, 1, 2, 1, 1, 1, 1, 3, 1, 1, 1, 2], dimension=48, value=10.533272153975311, stages=0, time=115.56194402906613}
最差解：
Wave{amplitude=12.0, length=7.367836835497903E19} Solution{id=21, content=[1, 2, 1, 2, 1, 2, 1, 1, 1, 3, 1, 2, 1, 1, 2, 1, 1, 2, 2, 1, 1, 2, 1, 2, 2, 1, 2, 1, 1, 3, 2, 1, 1, 1, 1, 2, 1, 1, 1, 1, 1, 3, 1, 2, 1, 2, 1, 1], dimension=48, value=10.399812391305394, stages=0, time=114.27278260228094}
