20.02699360113776,20.299727044064984,20.15064513868718,20.27840653084082,20.17638883593816,20.06991590695903,20.2850563305044,20.336139986611425,20.435299894733138,20.392075954451673,20.35745777015239,20.378841369265917,20.536695328597563,20.39825694416911,20.538923200351498,20.215729622237628,20.112652197156475,20.379200006006275,20.43051248708595,20.272281373130216,20.276939039118297,20.402209115673564,20.3334102344202,20.22800304924184,20.201269466930352,20.32167321185072,20.293704894008563,20.11834426081961,20.378126953750094,20.541554878023533,
DE统计信息：
size = 50
iters = 1000
nfes = 50000
sum = 609.1664346259183
min = 20.02699360113776
max = 20.541554878023533
mean = 20.305547820863943
std = 0.13344984083065642
totaltime = 39.814s
avgtime = 1.3271333333333333s
最优解：
Solution{id=39, content=[5, 4, 5, 7, 4, 3, 6, 5, 4, 4, 6, 3, 6, 4, 2, 8, 4, 3, 5, 5, 5, 4, 4, 5, 3, 3, 3, 4, 4, 3, 5, 1, 5, 7, 5, 6, 5, 4, 5, 3, 6, 8, 5, 7, 4, 3, 4, 4, 3, 7, 6, 3, 5, 6, 4, 3, 4, 4, 6, 1, 4, 4, 4, 2, 4, 7, 4, 4, 4, 4, 3, 4, 5, 3, 4, 5, 6, 1, 5, 5, 4, 1, 5, 3, 6, 5, 4, 3, 4, 3, 5, 1, 6, 5, 4, 3, 4, 1, 3, 1], dimension=100, value=20.541554878023533, stages=0, time=149.9250079995741}
最差解：
Solution{id=24, content=[6, 7, 2, 3, 4, 0, 4, 3, 5, 3, 6, 1, 2, 4, 5, 2, 2, 3, 4, 4, 2, 7, 1, 2, 4, 4, 1, 6, 5, 4, 4, 8, 2, 5, 3, 2, 5, 3, 5, 1, 4, 7, 5, 4, 5, 3, 3, 3, 3, 5, 3, 4, 4, 7, 2, 4, 6, 3, 5, 7, 6, 3, 5, 8, 3, 5, 3, 5, 5, 1, 5, 2, 6, 7, 4, 7, 6, 3, 6, 4, 4, 7, 4, 4, 1, 4, 4, 3, 6, 5, 5, 3, 1, 6, 3, 4, 5, 6, 4, 1], dimension=100, value=20.02699360113776, stages=0, time=141.3742346145217}
