21.247715368993386,21.450334871198248,21.446205718095364,21.688063478450534,21.554899003247307,21.73724467534606,21.42316048871976,21.476017849083213,21.531009246653767,21.43148570821306,21.52670556585054,21.88721568661129,21.669710659121083,21.652314999217207,21.718200649734786,21.39681272160507,21.57102482178742,21.547701314028842,21.58989488123177,21.503902448134863,21.62777215707858,21.58930985460163,21.602835398135262,21.6185520426314,21.43115854324723,21.554903960264113,21.48836539503875,21.481858175907227,21.514000884706963,21.6736134026506,
DEDNSPSO统计信息：
size = 50
iters = 1000
nfes = 50000
sum = 646.6319899695853
min = 21.247715368993386
max = 21.88721568661129
mean = 21.554399665652845
std = 0.12468496286768199
totaltime = 39.181s
avgtime = 1.3060333333333332s
最优解：
Particle{, pBest=Solution{id=0, content=[4, 3, 4, 1, 4, 0, 2, 4, 1, 4, 6, 3, 4, 1, 4, 1, 4, 3, 5, 2, 4, 4, 4, 7, 4, 1, 1, 2, 4, 7, 4, 4, 2, 4, 1, 4, 5, 3, 4, 7, 1, 4, 4, 4, 4, 3, 1, 3, 1, 5, 1, 3, 1, 3, 2, 4, 4, 3, 5, 3, 4, 1, 4, 3, 4, 3, 4, 4, 1, 1, 5, 1, 4, 4, 1, 3, 1, 1, 1, 4, 4, 1, 1, 1, 1, 1, 1, 1, 4, 3, 4, 3, 4, 5, 4, 1, 1, 3, 2, 1], dimension=0, value=21.88721568661129, stages=0, time=0.0}Solution{id=20, content=[4, 3, 4, 1, 4, 0, 2, 4, 1, 4, 6, 3, 4, 1, 4, 1, 4, 3, 5, 2, 4, 4, 4, 7, 4, 1, 1, 2, 4, 7, 4, 4, 2, 4, 1, 4, 5, 3, 4, 7, 1, 4, 4, 4, 4, 3, 1, 3, 1, 5, 1, 3, 1, 3, 2, 4, 4, 3, 5, 3, 4, 1, 4, 3, 4, 3, 4, 4, 1, 1, 5, 1, 4, 4, 1, 3, 1, 1, 1, 4, 4, 1, 1, 1, 1, 1, 1, 1, 4, 3, 4, 3, 4, 5, 4, 1, 1, 3, 2, 1], dimension=100, value=21.88721568661129, stages=0, time=159.4723053258315}} 
最差解：
Particle{, pBest=Solution{id=0, content=[4, 1, 4, 4, 1, 5, 6, 1, 4, 3, 4, 3, 4, 1, 1, 1, 1, 1, 5, 2, 1, 1, 4, 1, 1, 1, 4, 4, 2, 4, 4, 4, 4, 3, 1, 2, 1, 4, 5, 5, 1, 4, 1, 3, 4, 1, 4, 3, 4, 4, 4, 3, 1, 1, 2, 1, 2, 3, 5, 5, 4, 3, 1, 3, 4, 1, 2, 4, 1, 2, 1, 4, 4, 2, 1, 2, 1, 1, 4, 3, 2, 3, 4, 1, 2, 5, 1, 0, 2, 3, 4, 4, 1, 4, 4, 3, 6, 3, 1, 1], dimension=0, value=21.247715368993386, stages=0, time=0.0}Solution{id=11, content=[4, 1, 4, 4, 1, 5, 6, 1, 4, 3, 4, 3, 4, 1, 1, 1, 1, 1, 5, 2, 1, 1, 4, 1, 1, 1, 4, 4, 2, 4, 4, 4, 4, 3, 1, 2, 1, 4, 5, 5, 1, 4, 1, 3, 4, 1, 4, 3, 4, 4, 4, 3, 1, 1, 2, 1, 2, 3, 5, 5, 4, 3, 1, 3, 4, 1, 2, 4, 1, 2, 1, 4, 4, 2, 1, 2, 1, 1, 4, 3, 2, 3, 4, 1, 2, 5, 1, 0, 2, 3, 4, 4, 1, 4, 4, 3, 6, 3, 1, 1], dimension=100, value=21.247715368993386, stages=0, time=153.62447317904758}} 
