20.919625855292775,20.493606546187983,20.435886452043754,20.927780274673356,20.623426358240803,20.64323187727248,20.604934085480426,20.163939865908485,20.680148218336587,20.53544518050994,20.14261497006638,20.508356560723676,20.545751466374263,20.297126354251034,20.599422451379205,20.73414402158398,20.516904078019923,20.26205246163994,20.56803387309383,20.66914923978348,20.41107676777419,20.204128346830593,20.468875483513663,20.352882168809163,20.762044135931035,20.969670237507156,20.544279920581232,20.448499206848453,20.652678781589536,20.668442148730485,
DNSPSO统计信息：
size = 50
iters = 1000
nfes = 50000
sum = 616.354157388978
min = 20.14261497006638
max = 20.969670237507156
mean = 20.5451385796326
std = 0.21050242045251763
totaltime = 37.617s
avgtime = 1.2539s
最优解：
Particle{, pBest=Solution{id=0, content=[4, 1, 3, 1, 3, 5, 6, 4, 5, 3, 2, 3, 2, 4, 2, 2, 1, 3, 5, 3, 3, 3, 2, 2, 4, 4, 4, 4, 1, 7, 5, 3, 1, 4, 4, 5, 1, 4, 4, 5, 5, 4, 4, 7, 3, 3, 2, 3, 4, 7, 1, 4, 4, 3, 3, 3, 4, 1, 2, 4, 3, 4, 6, 1, 4, 1, 2, 7, 4, 3, 2, 4, 5, 1, 2, 2, 4, 3, 3, 3, 2, 3, 4, 1, 4, 8, 4, 4, 4, 1, 4, 1, 2, 5, 5, 3, 2, 1, 2, 1], dimension=0, value=20.969670237507156, stages=0, time=0.0}Solution{id=0, content=[4, 1, 3, 1, 3, 5, 6, 4, 5, 3, 2, 3, 2, 4, 2, 2, 1, 3, 5, 3, 3, 3, 2, 2, 4, 4, 4, 4, 1, 7, 5, 3, 1, 4, 4, 5, 1, 4, 4, 5, 5, 4, 4, 7, 3, 3, 2, 3, 4, 7, 1, 4, 4, 3, 3, 3, 4, 1, 2, 4, 3, 4, 6, 1, 4, 1, 2, 7, 4, 3, 2, 4, 5, 1, 2, 2, 4, 3, 3, 3, 2, 3, 4, 1, 4, 8, 4, 4, 4, 1, 4, 1, 2, 5, 5, 3, 2, 1, 2, 1], dimension=0, value=20.969670237507156, stages=0, time=158.40237494093273}} 
最差解：
Particle{, pBest=Solution{id=0, content=[4, 7, 3, 1, 4, 1, 4, 5, 5, 3, 5, 4, 6, 7, 4, 1, 2, 1, 2, 5, 2, 3, 3, 3, 3, 3, 4, 1, 6, 4, 5, 3, 1, 1, 4, 4, 4, 2, 3, 3, 1, 3, 4, 1, 5, 5, 4, 3, 2, 7, 3, 4, 2, 4, 6, 4, 5, 6, 5, 3, 1, 3, 5, 5, 5, 5, 1, 5, 5, 2, 3, 1, 2, 4, 4, 1, 5, 3, 4, 4, 2, 2, 1, 4, 4, 3, 1, 4, 5, 6, 1, 4, 2, 3, 5, 4, 1, 4, 4, 3], dimension=0, value=20.14261497006638, stages=0, time=0.0}Solution{id=0, content=[4, 7, 3, 1, 4, 1, 4, 5, 5, 3, 5, 4, 6, 7, 4, 1, 2, 1, 2, 5, 2, 3, 3, 3, 3, 3, 4, 1, 6, 4, 5, 3, 1, 1, 4, 4, 4, 2, 3, 3, 1, 3, 4, 1, 5, 5, 4, 3, 2, 7, 3, 4, 2, 4, 6, 4, 5, 6, 5, 3, 1, 3, 5, 5, 5, 5, 1, 5, 5, 2, 3, 1, 2, 4, 4, 1, 5, 3, 4, 4, 2, 2, 1, 4, 4, 3, 1, 4, 5, 6, 1, 4, 2, 3, 5, 4, 1, 4, 4, 3], dimension=0, value=20.14261497006638, stages=0, time=156.31017502625923}} 
