21.137673596715302,21.03273946518521,20.5161248852442,20.45295117300249,21.088190609887466,20.798679692292993,20.65866272038603,21.09298974427872,20.685999256214473,20.762389984803956,21.40215249340619,21.223867739778118,21.321795379737456,20.848351213519557,21.266084229141974,20.877588877075844,21.126309383471,20.738341889235535,20.864510157130994,20.94188494588509,20.985228708362463,20.94000008520948,21.014549301780388,20.87256662595452,20.923996671233983,21.162311977639266,21.122443761960103,21.084445500727895,20.884363128672323,21.01615913798033,
FADE统计信息：
size = 50
iters = 1000
nfes = 50000
sum = 628.8433523359134
min = 20.45295117300249
max = 21.40215249340619
mean = 20.961445077863782
std = 0.2240558101282792
totaltime = 27.664s
avgtime = 0.9221333333333334s
最优解：
FireSpark{pi=0.10021264029802948} Solution{id=29, content=[6, 3, 2, 7, 5, 2, 4, 4, 1, 7, 6, 3, 6, 4, 2, 5, 2, 3, 5, 6, 5, 3, 4, 1, 4, 7, 4, 4, 4, 1, 4, 4, 6, 1, 4, 5, 5, 3, 4, 3, 4, 4, 5, 1, 4, 3, 5, 3, 4, 4, 2, 3, 5, 5, 2, 3, 6, 5, 4, 1, 6, 1, 6, 3, 6, 5, 4, 4, 4, 1, 5, 4, 4, 5, 4, 1, 4, 7, 4, 3, 2, 1, 4, 3, 4, 4, 5, 7, 1, 3, 6, 5, 4, 2, 5, 1, 2, 3, 6, 3], dimension=100, value=21.40215249340619, stages=0, time=159.9436629120438}
最差解：
FireSpark{pi=0.5600000000000004} Solution{id=40, content=[6, 3, 4, 4, 4, 1, 2, 6, 6, 3, 6, 3, 5, 6, 3, 4, 2, 3, 2, 5, 4, 4, 1, 5, 4, 3, 4, 0, 5, 3, 5, 8, 4, 1, 4, 3, 1, 4, 1, 4, 2, 4, 2, 1, 2, 3, 5, 5, 4, 7, 4, 1, 4, 7, 3, 3, 6, 3, 6, 7, 4, 3, 6, 5, 4, 1, 6, 1, 4, 5, 6, 5, 4, 4, 6, 7, 2, 4, 4, 3, 3, 4, 4, 1, 5, 5, 4, 5, 4, 8, 5, 3, 5, 6, 1, 3, 2, 6, 6, 2], dimension=100, value=20.45295117300249, stages=0, time=159.0565411801679}
