21.571194503946227,21.790662635087106,21.52570749346722,21.574956893339127,21.53229470493672,21.720354322281285,21.320749434799236,21.641213467120107,21.629807983176608,21.704007025598504,21.523820612213054,21.66617247378696,21.38335204667179,21.6375058032442,21.464397411780922,21.54034635622495,21.494712122632844,21.419267142704115,21.48849411228045,21.498933964263728,21.597798826562894,21.80261554353627,21.585836627914446,21.522605657516213,21.563473279333603,21.644661674576962,21.490432127145386,21.72698800003138,21.556440428120812,21.638696385160817,
PSO统计信息：
size = 50
iters = 1000
nfes = 50000
sum = 647.2574990594541
min = 21.320749434799236
max = 21.80261554353627
mean = 21.575249968648468
std = 0.11209277287417647
totaltime = 38.256s
avgtime = 1.2752000000000001s
最优解：
Particle{, pBest=Solution{id=0, content=[4, 3, 4, 3, 4, 5, 4, 4, 4, 7, 4, 3, 6, 3, 4, 6, 4, 1, 5, 1, 5, 3, 4, 1, 4, 4, 1, 2, 4, 6, 5, 1, 4, 7, 4, 4, 4, 4, 4, 3, 5, 5, 4, 4, 1, 1, 5, 3, 4, 4, 4, 3, 5, 1, 5, 5, 1, 1, 5, 1, 4, 7, 4, 4, 4, 1, 5, 5, 2, 1, 4, 4, 2, 3, 4, 3, 4, 3, 4, 4, 4, 3, 5, 1, 4, 3, 4, 3, 4, 4, 4, 3, 4, 1, 4, 1, 4, 1, 4, 3], dimension=0, value=21.80261554353627, stages=0, time=0.0}Solution{id=17, content=[4, 3, 4, 3, 4, 5, 4, 4, 4, 7, 4, 3, 6, 3, 4, 6, 4, 1, 5, 1, 5, 3, 4, 1, 4, 4, 1, 2, 4, 6, 5, 1, 4, 7, 4, 4, 4, 4, 4, 3, 5, 5, 4, 4, 1, 1, 5, 3, 4, 4, 4, 3, 5, 1, 5, 5, 1, 1, 5, 1, 4, 7, 4, 4, 4, 1, 5, 5, 2, 1, 4, 4, 2, 3, 4, 3, 4, 3, 4, 4, 4, 3, 5, 1, 4, 3, 4, 3, 4, 4, 4, 3, 4, 1, 4, 1, 4, 1, 4, 3], dimension=100, value=21.80261554353627, stages=0, time=156.58386972533657}} 
最差解：
Particle{, pBest=Solution{id=0, content=[6, 7, 5, 1, 4, 1, 6, 1, 4, 3, 4, 3, 2, 4, 3, 3, 4, 1, 2, 4, 1, 1, 1, 7, 4, 1, 4, 2, 1, 5, 3, 3, 5, 1, 4, 3, 5, 1, 2, 4, 1, 1, 4, 4, 4, 1, 5, 3, 5, 3, 4, 3, 4, 7, 6, 4, 4, 3, 4, 3, 4, 4, 4, 4, 2, 3, 2, 4, 1, 5, 1, 4, 2, 3, 1, 1, 4, 3, 4, 1, 4, 4, 4, 7, 1, 1, 1, 7, 1, 4, 1, 4, 1, 6, 1, 4, 2, 3, 5, 3], dimension=0, value=21.320749434799236, stages=0, time=0.0}Solution{id=9, content=[6, 7, 5, 1, 4, 1, 6, 1, 4, 3, 4, 3, 2, 4, 3, 3, 4, 1, 2, 4, 1, 1, 1, 7, 4, 1, 4, 2, 1, 5, 3, 3, 5, 1, 4, 3, 5, 1, 2, 4, 1, 1, 4, 4, 4, 1, 5, 3, 5, 3, 4, 3, 4, 7, 6, 4, 4, 3, 4, 3, 4, 4, 4, 4, 2, 3, 2, 4, 1, 5, 1, 4, 2, 3, 1, 1, 4, 3, 4, 1, 4, 4, 4, 7, 1, 1, 1, 7, 1, 4, 1, 4, 1, 6, 1, 4, 2, 3, 5, 3], dimension=100, value=21.320749434799236, stages=0, time=158.80068995145385}} 
