20.696538519608225,20.38186636504853,20.755031284269666,20.94968820492936,20.28297163430251,20.64494570551519,20.426666142789465,20.83082604916906,20.986008508539335,20.514050826752225,20.607702895244625,20.835467772886535,20.243601781890252,20.589984133808247,20.770970758307552,20.56633226782885,20.905138183124276,20.834153386094247,20.663010076766778,20.35027827979149,20.534184113731477,20.87225753619911,20.407721224153295,20.435195656265517,20.776614731065095,20.67698295229691,20.240390300742213,20.482415384368906,20.24447406660342,20.72061066220562,
WWO统计信息：
size = 50
iters = 1000
nfes = 50000
sum = 618.2260794042982
min = 20.240390300742213
max = 20.986008508539335
mean = 20.607535980143272
std = 0.2224326158765478
totaltime = 41.754s
avgtime = 1.3918s
最优解：
Wave{amplitude=12.0, length=-8.4565947164808397E17} Solution{id=33, content=[4, 3, 2, 3, 1, 5, 1, 5, 2, 4, 4, 4, 1, 1, 1, 5, 2, 3, 3, 4, 2, 4, 1, 4, 3, 4, 2, 0, 1, 6, 1, 1, 2, 2, 1, 1, 1, 3, 1, 1, 3, 1, 2, 4, 2, 3, 4, 3, 2, 5, 1, 3, 3, 1, 2, 3, 2, 3, 2, 3, 1, 1, 1, 4, 2, 4, 2, 5, 3, 1, 1, 2, 1, 1, 1, 4, 4, 3, 1, 1, 2, 3, 1, 1, 1, 5, 1, 3, 2, 3, 1, 1, 2, 6, 2, 3, 4, 3, 2, 3], dimension=100, value=20.986008508539335, stages=0, time=155.7796841770975}
最差解：
Wave{amplitude=12.0, length=1.3568515707643416E21} Solution{id=3, content=[3, 7, 4, 3, 2, 4, 2, 2, 1, 5, 1, 1, 1, 5, 2, 4, 5, 2, 3, 5, 4, 1, 1, 0, 1, 3, 1, 1, 1, 8, 2, 5, 4, 3, 4, 1, 2, 3, 3, 1, 3, 3, 2, 4, 1, 3, 1, 3, 3, 5, 4, 3, 2, 3, 5, 5, 4, 3, 4, 1, 4, 1, 3, 3, 3, 4, 1, 1, 2, 2, 2, 1, 4, 5, 6, 1, 4, 4, 3, 3, 4, 4, 4, 4, 2, 4, 5, 1, 4, 1, 4, 6, 4, 4, 4, 3, 2, 3, 1, 4], dimension=100, value=20.240390300742213, stages=0, time=151.39821506098048}
