21.73206362005341,21.745509411070483,21.73718013711129,21.745509411070483,21.74526829466667,21.745509411070483,21.73718013711129,21.745509411070483,21.74526829466667,21.735290828654136,21.732621264158,21.74526829466667,21.718365482839726,21.745509411070483,21.74362010261333,21.745509411070483,21.745509411070483,21.745509411070483,21.745509411070483,21.745509411070483,21.75705646303404,21.75693055799359,21.74362010261333,21.74415645656611,21.749169811986043,21.75693055799359,21.73718013711129,21.73206362005341,21.73718013711129,21.745509411070483,
DE统计信息：
size = 50
iters = 500
nfes = 25000
sum = 652.287017822779
min = 21.718365482839726
max = 21.75705646303404
mean = 21.742900594092635
std = 0.00800643412717363
totaltime = 4.186s
avgtime = 0.13953333333333334s
最优解：
Solution{id=21, content=[2, 0, 2, 2, 1, 2, 2, 1, 2, 2, 1, 2, 2, 1, 1, 2, 1, 0, 2, 1, 2, 2, 1, 2, 2, 1, 1, 2, 1, 1, 2, 1, 1, 2, 1, 1, 2, 1, 1], dimension=39, value=21.75705646303404, stages=0, time=59.479878569501395}
最差解：
Solution{id=14, content=[2, 1, 0, 2, 1, 2, 2, 1, 2, 2, 1, 2, 2, 1, 1, 2, 1, 1, 2, 1, 0, 2, 1, 2, 2, 1, 1, 2, 1, 2, 2, 1, 2, 2, 1, 1, 2, 1, 1], dimension=39, value=21.718365482839726, stages=0, time=59.32128851843907}
