21.745509411070483,21.735290828654136,21.73718013711129,21.73718013711129,21.74362010261333,21.745509411070483,21.747157603123824,21.735290828654136,21.745509411070483,21.75693055799359,21.759850434853455,21.745509411070483,21.744282361606558,21.712109238902034,21.745509411070483,21.74362010261333,21.75705646303404,21.742474322847258,21.747157603123824,21.759850434853455,21.745509411070483,21.735290828654136,21.745509411070483,21.73718013711129,21.745509411070483,21.73718013711129,21.759850434853455,21.747157603123824,21.73718013711129,21.73206362005341,
DE统计信息：
size = 50
iters = 500
nfes = 25000
sum = 652.3090293436779
min = 21.712109238902034
max = 21.759850434853455
mean = 21.74363431145593
std = 0.009751747913551068
totaltime = 4.702s
avgtime = 0.15673333333333334s
最优解：
Solution{id=49, content=[2, 0, 2, 2, 1, 2, 2, 1, 2, 2, 1, 2, 2, 1, 1, 2, 1, 0, 2, 1, 1, 2, 1, 2, 2, 1, 1, 2, 1, 1, 2, 1, 1, 2, 1, 1, 1, 1, 2], dimension=39, value=21.759850434853455, stages=0, time=59.31345771245371}
最差解：
Solution{id=12, content=[2, 1, 0, 2, 1, 2, 2, 1, 2, 2, 1, 2, 2, 1, 1, 2, 1, 0, 2, 1, 1, 2, 1, 2, 2, 1, 2, 2, 1, 2, 2, 1, 1, 2, 1, 1, 2, 1, 1], dimension=39, value=21.712109238902034, stages=0, time=58.453768096948195}
