21.75705646303404,21.58965271783699,21.729925788747973,21.482162122629568,21.684888287109285,21.680265475010742,21.709238243520634,21.56078851686783,21.665460000528686,21.618896025993294,21.749169811986043,21.53917068196891,21.6572111753643,21.64898968794047,21.699786460280418,21.650990462882053,21.75693055799359,21.65930874640963,21.69188054470915,21.520113148576108,21.688360112221527,21.669705672516482,21.519421732944213,21.589993070369783,21.699327733019,21.732200638409136,21.55603098352114,21.611359658385165,21.759850434853455,21.51579952848508,
DEDNSPSO统计信息：
size = 50
iters = 500
nfes = 25000
sum = 649.3939344841148
min = 21.482162122629568
max = 21.759850434853455
mean = 21.646464482803825
std = 0.08115344695800115
totaltime = 5.412s
avgtime = 0.1804s
最优解：
Particle{, pBest=Solution{id=0, content=[2, 0, 2, 2, 1, 2, 2, 1, 2, 2, 1, 2, 2, 1, 1, 2, 1, 0, 2, 1, 1, 2, 1, 2, 2, 1, 1, 2, 1, 1, 2, 1, 1, 2, 1, 1, 1, 1, 2], dimension=0, value=21.759850434853455, stages=0, time=0.0}Solution{id=38, content=[2, 0, 2, 2, 1, 2, 2, 1, 2, 2, 1, 2, 2, 1, 1, 2, 1, 0, 2, 1, 1, 2, 1, 2, 2, 1, 1, 2, 1, 1, 2, 1, 1, 2, 1, 1, 1, 1, 2], dimension=39, value=21.759850434853455, stages=0, time=59.31345771245371}} 
最差解：
Particle{, pBest=Solution{id=0, content=[2, 0, 2, 2, 1, 1, 1, 1, 2, 2, 1, 2, 2, 1, 1, 2, 0, 1, 2, 1, 2, 2, 1, 0, 2, 1, 1, 2, 0, 2, 2, 1, 2, 1, 1, 1, 2, 1, 1], dimension=0, value=21.482162122629568, stages=0, time=0.0}Solution{id=42, content=[2, 0, 2, 2, 1, 1, 1, 1, 2, 2, 1, 2, 2, 1, 1, 2, 0, 1, 2, 1, 2, 2, 1, 0, 2, 1, 1, 2, 0, 2, 2, 1, 2, 1, 1, 1, 2, 1, 1], dimension=39, value=21.482162122629568, stages=0, time=59.93750834733773}} 
