21.693657913930544,21.712109238902034,21.58645435497224,21.649493317138123,21.659330104460828,21.684690010565273,21.68413363928525,21.643765290162516,21.666656988508784,21.632631079106194,21.657210460686688,21.637691237858355,21.674459297829554,21.735290828654136,21.63893279548926,21.703416528183794,21.638169886042498,21.745509411070483,21.71984716273051,21.676277796014624,21.72224890679863,21.626400408115817,21.692760235455214,21.745509411070483,21.572609676630346,21.718365482839726,21.562984089306955,21.694973734523664,21.726395227517067,21.656612892082318,
DEDNSPSO统计信息：
size = 50
iters = 500
nfes = 25000
sum = 650.1585874059319
min = 21.562984089306955
max = 21.745509411070483
mean = 21.671952913531065
std = 0.048125395754339315
totaltime = 5.476s
avgtime = 0.18253333333333333s
最优解：
Particle{, pBest=Solution{id=0, content=[2, 1, 0, 2, 1, 2, 2, 1, 2, 2, 1, 2, 2, 1, 1, 2, 1, 1, 2, 1, 0, 2, 1, 2, 2, 1, 1, 2, 1, 2, 2, 1, 1, 2, 1, 1, 1, 1, 2], dimension=0, value=21.745509411070483, stages=0, time=0.0}Solution{id=48, content=[2, 1, 0, 2, 1, 2, 2, 1, 2, 2, 1, 2, 2, 1, 1, 2, 1, 1, 2, 1, 0, 2, 1, 2, 2, 1, 1, 2, 1, 2, 2, 1, 1, 2, 1, 1, 1, 1, 2], dimension=39, value=21.745509411070483, stages=0, time=57.58545650217443}} 
最差解：
Particle{, pBest=Solution{id=0, content=[2, 1, 2, 2, 1, 2, 2, 1, 0, 2, 1, 1, 2, 1, 2, 2, 1, 1, 2, 1, 2, 2, 1, 0, 2, 1, 1, 2, 1, 2, 2, 1, 1, 2, 1, 1, 1, 1, 2], dimension=0, value=21.562984089306955, stages=0, time=0.0}Solution{id=1, content=[2, 1, 2, 2, 1, 2, 2, 1, 0, 2, 1, 1, 2, 1, 2, 2, 1, 1, 2, 1, 2, 2, 1, 0, 2, 1, 1, 2, 1, 2, 2, 1, 1, 2, 1, 1, 1, 1, 2], dimension=39, value=21.562984089306955, stages=0, time=59.0279306354432}} 
