21.464118946406394,21.213967523939285,21.209573426104058,21.186193659354604,21.016657481869938,21.272077094647234,21.229409369650575,21.30838546684789,21.238480429699898,20.919728712438722,21.254591255107858,20.993779493368997,21.09221879253603,21.04092268943081,21.139512144566446,21.544402014820374,21.419039250376795,21.362989378872495,20.847587726715194,20.908487885534,21.291404548273803,21.133926322020827,20.78893610849175,21.241614214755707,21.137308957429628,21.11897247390865,21.50294976167916,21.524087593026284,21.005163118029337,21.21450326527215,
DNSPSO统计信息：
size = 50
iters = 500
nfes = 25000
sum = 635.6209891051749
min = 20.78893610849175
max = 21.544402014820374
mean = 21.18736630350583
std = 0.19601420359280353
totaltime = 5.16s
avgtime = 0.17200000000000001s
最优解：
Particle{, pBest=Solution{id=0, content=[2, 1, 0, 2, 1, 1, 2, 1, 2, 1, 1, 2, 2, 1, 2, 2, 1, 0, 2, 1, 2, 1, 1, 1, 2, 1, 2, 2, 1, 1, 2, 1, 2, 2, 1, 1, 2, 1, 1], dimension=0, value=21.544402014820374, stages=0, time=0.0}Solution{id=0, content=[2, 1, 0, 2, 1, 1, 2, 1, 2, 1, 1, 2, 2, 1, 2, 2, 1, 0, 2, 1, 2, 1, 1, 1, 2, 1, 2, 2, 1, 1, 2, 1, 2, 2, 1, 1, 2, 1, 1], dimension=0, value=21.544402014820374, stages=0, time=55.322444983072124}} 
最差解：
Particle{, pBest=Solution{id=0, content=[1, 0, 2, 2, 1, 2, 1, 0, 2, 1, 0, 2, 2, 1, 1, 1, 0, 0, 2, 1, 0, 1, 1, 1, 1, 1, 1, 2, 0, 2, 1, 1, 2, 2, 0, 1, 2, 1, 1], dimension=0, value=20.78893610849175, stages=0, time=0.0}Solution{id=0, content=[1, 0, 2, 2, 1, 2, 1, 0, 2, 1, 0, 2, 2, 1, 1, 1, 0, 0, 2, 1, 0, 1, 1, 1, 1, 1, 1, 2, 0, 2, 1, 1, 2, 2, 0, 1, 2, 1, 1], dimension=0, value=20.78893610849175, stages=0, time=54.43579996347265}} 
