21.195354002538952,21.214617222307044,21.371423891431927,21.47887060640587,21.29735220769789,21.092534834720627,21.12837717033281,21.144888431102704,21.107792233430136,21.236947588617046,21.12939243038082,21.26765923272951,21.26100511584364,20.9277444165842,20.998001509569956,21.37658914231519,21.39741918767724,21.283413699411856,21.203848237393778,21.164662334203516,21.145375209405938,21.136916306752305,21.164611088163394,21.338366271938575,21.21808374752204,21.40330285188342,21.19923862641794,21.220315849924265,21.374090062532854,21.46058024829124,
DNSPSO统计信息：
size = 50
iters = 500
nfes = 25000
sum = 636.9387737575267
min = 20.9277444165842
max = 21.47887060640587
mean = 21.231292458584225
std = 0.13016011425213406
totaltime = 5.309s
avgtime = 0.17696666666666666s
最优解：
Particle{, pBest=Solution{id=0, content=[2, 1, 0, 1, 1, 2, 2, 0, 2, 2, 1, 2, 2, 1, 1, 2, 1, 0, 2, 1, 1, 2, 1, 2, 2, 1, 2, 1, 1, 1, 2, 1, 2, 1, 1, 1, 2, 1, 1], dimension=0, value=21.47887060640587, stages=0, time=0.0}Solution{id=0, content=[2, 1, 0, 1, 1, 2, 2, 0, 2, 2, 1, 2, 2, 1, 1, 2, 1, 0, 2, 1, 1, 2, 1, 2, 2, 1, 2, 1, 1, 1, 2, 1, 2, 1, 1, 1, 2, 1, 1], dimension=0, value=21.47887060640587, stages=0, time=58.616271246644786}} 
最差解：
Particle{, pBest=Solution{id=0, content=[2, 1, 1, 1, 0, 2, 1, 1, 2, 2, 1, 2, 1, 0, 1, 1, 0, 0, 2, 1, 1, 2, 1, 2, 1, 1, 2, 1, 1, 1, 2, 1, 2, 1, 0, 1, 1, 1, 1], dimension=0, value=20.9277444165842, stages=0, time=0.0}Solution{id=0, content=[2, 1, 1, 1, 0, 2, 1, 1, 2, 2, 1, 2, 1, 0, 1, 1, 0, 0, 2, 1, 1, 2, 1, 2, 1, 1, 2, 1, 1, 1, 2, 1, 2, 1, 0, 1, 1, 1, 1], dimension=0, value=20.9277444165842, stages=0, time=59.31356316435687}} 
