21.58542845048292,21.590575811874665,21.569659321122373,21.498538690106862,21.596865303120975,21.577582751407622,21.592602263618666,21.647943261549702,21.542709562738803,21.582692286749886,21.599540044690347,21.52189807154165,21.670512525633555,21.60153779972246,21.492874157171723,21.591993326117827,21.67791076694663,21.670961334072818,21.65698971105449,21.560163901955583,21.556546968670954,21.570121305569455,21.608655251715444,21.50281149556335,21.501997887142057,21.628908765841558,21.538284028024048,21.54276262311254,21.558424786883137,21.633688809134565,
FADE统计信息：
size = 50
iters = 500
nfes = 25000
sum = 647.4711812633367
min = 21.492874157171723
max = 21.67791076694663
mean = 21.58237270877789
std = 0.052485371700561737
totaltime = 4.099s
avgtime = 0.13663333333333333s
最优解：
FireSpark{pi=0.31000000000000044} Solution{id=15, content=[2, 1, 2, 2, 1, 0, 2, 1, 2, 2, 1, 2, 2, 1, 2, 2, 1, 1, 2, 1, 0, 1, 1, 2, 2, 1, 2, 2, 1, 2, 2, 1, 1, 2, 1, 1, 2, 1, 1], dimension=39, value=21.67791076694663, stages=0, time=57.527634303636404}
最差解：
FireSpark{pi=0.9700000000000011} Solution{id=9, content=[2, 1, 0, 2, 1, 2, 2, 1, 1, 2, 1, 1, 2, 1, 2, 2, 1, 1, 2, 1, 1, 2, 1, 2, 2, 1, 2, 2, 1, 2, 2, 1, 0, 2, 1, 2, 2, 1, 1], dimension=39, value=21.492874157171723, stages=0, time=57.46629966111444}
