21.587200433590528,21.742474322847258,21.61980839900749,21.684382418895726,21.536834317233577,21.644521478051388,21.547890784279975,21.53232024115279,21.57494699714772,21.61758925376482,21.692179762704253,21.631244117724265,21.613416722510756,21.573791820722384,21.60220902513363,21.685890124027182,21.58980098560047,21.673306497452963,21.484096927681563,21.540068460144532,21.671865997435074,21.590226767738194,21.610698386442174,21.64800758693848,21.63991113910623,21.596933639455717,21.52728040959819,21.65301968303097,21.563738751937816,21.55301439211796,
FADE统计信息：
size = 50
iters = 500
nfes = 25000
sum = 648.228669843474
min = 21.484096927681563
max = 21.742474322847258
mean = 21.6076223281158
std = 0.059180137873608415
totaltime = 4.758s
avgtime = 0.1586s
最优解：
FireSpark{pi=0.7900000000000001} Solution{id=39, content=[2, 1, 2, 2, 1, 2, 2, 1, 2, 2, 1, 1, 2, 1, 1, 2, 1, 0, 2, 1, 2, 2, 1, 2, 2, 1, 2, 2, 1, 1, 2, 1, 1, 2, 1, 1, 2, 1, 1], dimension=39, value=21.742474322847258, stages=0, time=59.926941055345594}
最差解：
FireSpark{pi=0.5000000000000003} Solution{id=48, content=[2, 1, 0, 2, 1, 1, 2, 1, 2, 2, 1, 2, 2, 1, 2, 1, 1, 2, 2, 1, 1, 2, 1, 1, 2, 1, 1, 2, 1, 2, 1, 1, 2, 1, 1, 1, 2, 1, 0], dimension=39, value=21.484096927681563, stages=0, time=57.19314539865914}
