21.458053920459378,21.649855440624147,21.597990350703135,21.63548588592468,21.5196246827479,21.515297265981307,21.344801543221664,21.493557794024355,21.56416778809037,21.466424377289417,21.6432291344337,21.448578462035698,21.51461606861283,21.54635983914135,21.483617132930437,21.515592343222263,21.621690676081315,21.654276075022885,21.477226157796395,21.580733762578415,21.603263370356792,21.69873574815985,21.513266760745765,21.513642708351725,21.473533735741984,21.40245987364386,21.578293742166544,21.645174879912222,21.615490915107504,21.472434856735156,
PSO统计信息：
size = 50
iters = 500
nfes = 25000
sum = 646.247475291843
min = 21.344801543221664
max = 21.69873574815985
mean = 21.541582509728098
std = 0.08387439855604571
totaltime = 5.51s
avgtime = 0.18366666666666667s
最优解：
Particle{, pBest=Solution{id=0, content=[2, 1, 0, 2, 1, 2, 2, 1, 2, 2, 1, 2, 2, 1, 1, 2, 1, 1, 2, 1, 0, 2, 1, 2, 1, 1, 2, 2, 1, 1, 2, 1, 1, 1, 1, 1, 1, 1, 2], dimension=0, value=21.69873574815985, stages=0, time=0.0}Solution{id=28, content=[2, 1, 0, 2, 1, 2, 2, 1, 2, 2, 1, 2, 2, 1, 1, 2, 1, 1, 2, 1, 0, 2, 1, 2, 1, 1, 2, 2, 1, 1, 2, 1, 1, 1, 1, 1, 1, 1, 2], dimension=39, value=21.69873574815985, stages=0, time=57.71192695305709}} 
最差解：
Particle{, pBest=Solution{id=0, content=[2, 0, 0, 2, 1, 0, 2, 1, 2, 1, 1, 2, 1, 1, 1, 1, 0, 2, 2, 1, 1, 1, 1, 2, 1, 1, 2, 1, 1, 2, 2, 1, 1, 1, 1, 1, 1, 1, 1], dimension=0, value=21.344801543221664, stages=0, time=0.0}Solution{id=34, content=[2, 0, 0, 2, 1, 0, 2, 1, 2, 1, 1, 2, 1, 1, 1, 1, 0, 2, 2, 1, 1, 1, 1, 2, 1, 1, 2, 1, 1, 2, 2, 1, 1, 1, 1, 1, 1, 1, 1], dimension=39, value=21.344801543221664, stages=0, time=58.453768096948195}} 
