21.597422700460474,21.527769929624746,21.540361609782025,21.572321358830948,21.444902696905,21.532556201396353,21.57260039905131,21.53871530699614,21.47906982091555,21.600406266470692,21.491358133244933,21.543985311552568,21.644661127447574,21.588656952323678,21.462390483139156,21.643186361760435,21.404227078294632,21.51693092698469,21.629294275830883,21.524409302160176,21.573360823632537,21.363552701735372,21.514878779846317,21.590158720221744,21.63836887553751,21.611080434638215,21.516601036516445,21.438966705362873,21.64646837100751,21.522759992330062,
PSO统计信息：
size = 50
iters = 500
nfes = 25000
sum = 646.2714226840005
min = 21.363552701735372
max = 21.64646837100751
mean = 21.54238075613335
std = 0.07285173483632346
totaltime = 5.061s
avgtime = 0.1687s
最优解：
Particle{, pBest=Solution{id=0, content=[2, 0, 2, 1, 1, 2, 2, 1, 2, 2, 1, 2, 1, 1, 1, 2, 1, 0, 2, 1, 1, 2, 1, 2, 2, 1, 1, 2, 1, 1, 2, 1, 1, 2, 1, 1, 1, 1, 2], dimension=0, value=21.64646837100751, stages=0, time=0.0}Solution{id=28, content=[2, 0, 2, 1, 1, 2, 2, 1, 2, 2, 1, 2, 1, 1, 1, 2, 1, 0, 2, 1, 1, 2, 1, 2, 2, 1, 1, 2, 1, 1, 2, 1, 1, 2, 1, 1, 1, 1, 2], dimension=39, value=21.64646837100751, stages=0, time=59.31345771245371}} 
最差解：
Particle{, pBest=Solution{id=0, content=[2, 1, 1, 1, 1, 1, 1, 1, 2, 2, 0, 2, 1, 1, 2, 1, 1, 0, 2, 1, 1, 1, 1, 2, 1, 1, 2, 2, 0, 2, 2, 1, 1, 2, 1, 1, 1, 1, 2], dimension=0, value=21.363552701735372, stages=0, time=0.0}Solution{id=3, content=[2, 1, 1, 1, 1, 1, 1, 1, 2, 2, 0, 2, 1, 1, 2, 1, 1, 0, 2, 1, 1, 1, 1, 2, 1, 1, 2, 2, 0, 2, 2, 1, 1, 2, 1, 1, 1, 1, 2], dimension=39, value=21.363552701735372, stages=0, time=59.590630525446436}} 
