21.19639150512884,21.29916146960994,21.1562844698097,20.940793458922908,21.046260692878743,21.15248228656747,21.118592701611103,21.083211811528876,21.53013231078639,21.18122388781281,21.220248319735415,21.122849696172565,21.34602123438172,21.237597762267633,21.414090239971213,21.192046923310635,21.375913057562435,21.31829475362853,21.37917158568483,21.36571866024031,21.244460937160284,21.380095314053598,21.295264190900355,21.112301019242175,21.118380277901768,21.236459268862372,21.146367933780766,21.041551051338633,21.21739249144348,21.18466643374487,
WWO统计信息：
size = 50
iters = 500
nfes = 25000
sum = 636.6534257460404
min = 20.940793458922908
max = 21.53013231078639
mean = 21.221780858201345
std = 0.12964165258488314
totaltime = 5.573s
avgtime = 0.1857666666666667s
最优解：
Wave{amplitude=12.0, length=0.3256726460525742} Solution{id=38, content=[2, 1, 2, 2, 1, 1, 2, 1, 2, 2, 1, 1, 2, 0, 1, 2, 1, 0, 2, 1, 1, 1, 1, 2, 2, 1, 1, 2, 1, 1, 2, 1, 2, 2, 0, 1, 1, 1, 2], dimension=39, value=21.53013231078639, stages=0, time=59.800204795994986}
最差解：
Wave{amplitude=12.0, length=-1.1735749453488962E8} Solution{id=36, content=[1, 0, 2, 2, 1, 2, 2, 1, 2, 2, 1, 1, 2, 1, 1, 2, 1, 2, 1, 0, 2, 2, 0, 1, 2, 1, 0, 2, 1, 1, 2, 1, 1, 2, 1, 1, 1, 1, 0], dimension=39, value=20.940793458922908, stages=0, time=59.82064808045988}
