21.045929160150873,21.031452223385646,21.120086510583736,21.18268644688015,21.206895459585887,21.238747377207723,21.16487741405507,21.01607894954666,21.225253768410685,21.079041619624878,21.23453385217769,21.174771350156025,21.230916498571275,21.358853836471244,21.137598258347744,21.169219620894705,21.14319575035129,21.250842558788325,21.171798246031962,21.139022783530695,21.16275864433313,21.182541289640373,21.270325695271172,21.011147059901887,21.25028715314645,21.41804469010052,21.185306407719256,21.002772694285163,21.08024836786726,21.201321197617382,
WWO统计信息：
size = 50
iters = 500
nfes = 25000
sum = 635.0865548846349
min = 21.002772694285163
max = 21.41804469010052
mean = 21.16955182948783
std = 0.09683178881634583
totaltime = 5.917s
avgtime = 0.19723333333333332s
最优解：
Wave{amplitude=12.0, length=-0.3063375919567601} Solution{id=18, content=[2, 0, 2, 1, 1, 2, 2, 1, 2, 1, 1, 1, 2, 1, 1, 1, 0, 1, 1, 1, 2, 2, 1, 0, 1, 1, 2, 2, 1, 1, 2, 1, 2, 1, 1, 1, 2, 1, 1], dimension=39, value=21.41804469010052, stages=0, time=59.984642805159815}
最差解：
Wave{amplitude=12.0, length=4.75103621470392E11} Solution{id=46, content=[2, 1, 2, 2, 1, 1, 2, 1, 0, 2, 1, 1, 2, 0, 1, 1, 0, 2, 1, 1, 2, 2, 1, 1, 2, 0, 2, 2, 1, 0, 2, 1, 0, 1, 1, 1, 2, 1, 1], dimension=39, value=21.002772694285163, stages=0, time=58.90326240535411}
